INT	INT	INT	INT	INT	INT	INT	INT	INT	INT	INT	INT	INT	INT	INT	INT	INT	INT	INT	INT	INT	INT	INT	INT	INT	INT	INT	INT	INT	INT	INT	INT	INT	INT	INT	INT	INT	INT	INT	INT	INT	INT	INT	INT	INT	INT	INT	INT	INT	INT	INT	INT	INT	INT	INT	INT	INT	INT	INT	INT	INT
级别	武士力量	武士体质	武士智力	武士敏捷	武士技能点	剑侠力量	剑侠体质	剑侠智力	剑侠敏捷	剑侠技能点	骑射力量	骑射体质	骑射智力	骑射敏捷	骑射技能点	火枪力量	火枪体质	火枪智力	火枪敏捷	火枪技能点	先知力量	先知体质	先知智力	先知敏捷	先知技能点	萨满力量	萨满体质	萨满智力	萨满敏捷	萨满技能点	十字军力量	十字军体质	十字军智力	十字军敏捷	十字军技能点	圣火使力量	圣火使体质	圣火使智力	圣火使敏捷	圣火使技能点	刺客力量	刺客体质	刺客智力	刺客敏捷	刺客技能点	近卫军力量	近卫军体质	近卫军智力	近卫军敏捷	近卫军技能点	隐修士力量	隐修士体质	隐修士智力	隐修士敏捷	隐修士技能点	喇嘛力量	喇嘛体质	喇嘛智力	喇嘛敏捷	喇嘛技能点
0	0	0	0	0	0	0	0	0	0	0	0	0	0	0	0	0	0	0	0	0	0	0	0	0	0	0	0	0	0	0	0	0	0	0	0	0	0	0	0	0	0	0	0	0	0	0	0	0	0	0	0	0	0	0	0	0	0	0	0	0
1	5	6	2	3	0	7	4	2	3	0	3	4	3	5	0	3	3	4	5	0	2	4	6	3	0	2	6	5	3	0	5	6	2	3	0	7	4	2	3	0	3	4	3	5	0	3	3	4	5	0	2	4	6	3	0	2	6	5	3	0
2	1	2	0	1	0	2	1	0	1	0	1	1	1	1	0	1	1	1	1	0	1	1	2	1	0	1	1	1	1	0	1	2	0	1	0	2	1	0	1	0	1	1	1	1	0	1	1	1	1	0	1	1	2	1	0	1	1	1	1	0
3	1	2	0	1	0	2	1	1	1	0	1	1	0	2	0	1	1	1	1	0	0	1	1	1	0	0	1	1	1	0	1	2	0	1	0	2	1	1	1	0	1	1	0	2	0	1	1	1	1	0	0	1	1	1	0	0	1	1	1	0
4	2	1	0	1	0	2	1	0	1	0	1	1	1	1	0	1	1	1	1	0	1	1	2	1	0	1	2	2	1	0	2	1	0	1	0	2	1	0	1	0	1	1	1	1	0	1	1	1	1	0	1	1	2	1	0	1	2	2	1	0
5	1	2	0	0	0	1	1	1	1	0	1	1	0	1	0	1	1	0	1	0	0	1	1	0	0	0	1	1	0	0	1	2	0	0	0	1	1	1	1	0	1	1	0	1	0	1	1	0	1	0	0	1	1	0	0	0	1	1	0	0
6	1	2	1	1	0	2	2	0	1	0	1	1	1	2	0	1	1	1	2	0	1	1	2	1	0	1	1	1	1	0	1	2	1	1	0	2	2	0	1	0	1	1	1	2	0	1	1	1	2	0	1	1	2	1	0	1	1	1	1	0
7	2	1	0	1	0	2	1	1	1	0	1	1	1	1	0	1	1	1	1	0	1	1	2	1	0	1	2	2	1	0	2	1	0	1	0	2	1	1	1	0	1	1	1	1	0	1	1	1	1	0	1	1	2	1	0	1	2	2	1	0
8	1	2	0	1	0	2	1	0	1	0	1	1	0	2	0	1	1	1	1	0	0	1	1	1	0	0	1	1	1	0	1	2	0	1	0	2	1	0	1	0	1	1	0	2	0	1	1	1	1	0	0	1	1	1	0	0	1	1	1	0
9	1	2	0	1	0	2	1	1	1	0	1	1	1	1	0	1	1	1	1	0	1	1	2	1	0	1	1	1	1	0	1	2	0	1	0	2	1	1	1	0	1	1	1	1	0	1	1	1	1	0	1	1	2	1	0	1	1	1	1	0
10	1	1	0	0	0	1	1	0	1	0	1	1	0	1	0	1	1	0	1	0	0	1	1	0	0	0	1	1	0	0	1	1	0	0	0	1	1	0	1	0	1	1	0	1	0	1	1	0	1	0	0	1	1	0	0	0	1	1	0	0
11	2	2	1	1	0	2	2	1	1	0	1	1	1	2	0	1	1	1	2	0	1	1	2	1	0	1	2	2	1	0	2	2	1	1	0	2	2	1	1	0	1	1	1	2	0	1	1	1	2	0	1	1	2	1	0	1	2	2	1	0
12	1	2	0	1	0	2	1	0	1	0	1	1	1	1	0	1	1	1	1	0	1	1	2	1	0	1	1	1	1	0	1	2	0	1	0	2	1	0	1	0	1	1	1	1	0	1	1	1	1	0	1	1	2	1	0	1	1	1	1	0
13	1	2	0	1	0	2	1	1	1	0	1	1	0	2	0	1	1	1	1	0	0	1	1	1	0	0	1	1	1	0	1	2	0	1	0	2	1	1	1	0	1	1	0	2	0	1	1	1	1	0	0	1	1	1	0	0	1	1	1	0
14	2	1	0	1	0	2	1	0	1	0	1	1	1	1	0	1	1	1	1	0	1	1	2	1	0	1	2	2	1	0	2	1	0	1	0	2	1	0	1	0	1	1	1	1	0	1	1	1	1	0	1	1	2	1	0	1	2	2	1	0
15	1	2	0	0	0	1	1	1	1	0	1	1	0	1	0	1	1	0	1	0	0	1	1	0	0	0	1	1	0	0	1	2	0	0	0	1	1	1	1	0	1	1	0	1	0	1	1	0	1	0	0	1	1	0	0	0	1	1	0	0
16	1	2	1	1	0	2	2	0	1	0	1	1	1	2	0	1	1	1	2	0	1	1	2	1	0	1	1	1	1	0	1	2	1	1	0	2	2	0	1	0	1	1	1	2	0	1	1	1	2	0	1	1	2	1	0	1	1	1	1	0
17	2	1	0	1	0	2	1	1	1	0	1	1	1	1	0	1	1	1	1	0	1	1	2	1	0	1	2	2	1	0	2	1	0	1	0	2	1	1	1	0	1	1	1	1	0	1	1	1	1	0	1	1	2	1	0	1	2	2	1	0
18	1	2	0	1	0	2	1	0	1	0	1	1	0	2	0	1	1	1	1	0	0	1	1	1	0	0	1	1	1	0	1	2	0	1	0	2	1	0	1	0	1	1	0	2	0	1	1	1	1	0	0	1	1	1	0	0	1	1	1	0
19	1	2	0	1	0	2	1	1	1	0	1	1	1	1	0	1	1	1	1	0	1	1	2	1	0	1	1	1	1	0	1	2	0	1	0	2	1	1	1	0	1	1	1	1	0	1	1	1	1	0	1	1	2	1	0	1	1	1	1	0
20	1	1	0	0	0	1	1	0	1	0	1	1	0	1	0	1	1	0	1	0	0	1	1	0	0	0	1	1	0	0	1	1	0	0	0	1	1	0	1	0	1	1	0	1	0	1	1	0	1	0	0	1	1	0	0	0	1	1	0	0
21	2	2	1	1	0	2	2	1	1	0	1	1	1	2	0	1	1	1	2	0	1	1	2	1	0	1	2	2	1	0	2	2	1	1	0	2	2	1	1	0	1	1	1	2	0	1	1	1	2	0	1	1	2	1	0	1	2	2	1	0
22	1	2	0	1	0	2	1	0	1	0	1	1	1	1	0	1	1	1	1	0	1	1	2	1	0	1	1	1	1	0	1	2	0	1	0	2	1	0	1	0	1	1	1	1	0	1	1	1	1	0	1	1	2	1	0	1	1	1	1	0
23	1	2	0	1	0	2	1	1	1	0	1	1	0	2	0	1	1	1	1	0	0	1	1	1	0	0	1	1	1	0	1	2	0	1	0	2	1	1	1	0	1	1	0	2	0	1	1	1	1	0	0	1	1	1	0	0	1	1	1	0
24	2	1	0	1	0	2	1	0	1	0	1	1	1	1	0	1	1	1	1	0	1	1	2	1	0	1	2	2	1	0	2	1	0	1	0	2	1	0	1	0	1	1	1	1	0	1	1	1	1	0	1	1	2	1	0	1	2	2	1	0
25	1	2	0	0	0	1	1	1	1	0	1	1	0	1	0	1	1	0	1	0	0	1	1	0	0	0	1	1	0	0	1	2	0	0	0	1	1	1	1	0	1	1	0	1	0	1	1	0	1	0	0	1	1	0	0	0	1	1	0	0
26	1	2	1	1	0	2	2	0	1	0	1	1	1	2	0	1	1	1	2	0	1	1	2	1	0	1	1	1	1	0	1	2	1	1	0	2	2	0	1	0	1	1	1	2	0	1	1	1	2	0	1	1	2	1	0	1	1	1	1	0
27	2	1	0	1	0	2	1	1	1	0	1	1	1	1	0	1	1	1	1	0	1	1	2	1	0	1	2	2	1	0	2	1	0	1	0	2	1	1	1	0	1	1	1	1	0	1	1	1	1	0	1	1	2	1	0	1	2	2	1	0
28	1	2	0	1	0	2	1	0	1	0	1	1	0	2	0	1	1	1	1	0	0	1	1	1	0	0	1	1	1	0	1	2	0	1	0	2	1	0	1	0	1	1	0	2	0	1	1	1	1	0	0	1	1	1	0	0	1	1	1	0
29	1	2	0	1	0	2	1	1	1	0	1	1	1	1	0	1	1	1	1	0	1	1	2	1	0	1	1	1	1	0	1	2	0	1	0	2	1	1	1	0	1	1	1	1	0	1	1	1	1	0	1	1	2	1	0	1	1	1	1	0
30	1	1	0	0	0	1	1	0	1	0	1	1	0	1	0	1	1	0	1	0	0	1	1	0	0	0	1	1	0	0	1	1	0	0	0	1	1	0	1	0	1	1	0	1	0	1	1	0	1	0	0	1	1	0	0	0	1	1	0	0
31	2	2	1	1	0	2	2	1	1	0	1	1	1	2	0	1	1	1	2	0	1	1	2	1	0	1	2	2	1	0	2	2	1	1	0	2	2	1	1	0	1	1	1	2	0	1	1	1	2	0	1	1	2	1	0	1	2	2	1	0
32	1	2	0	1	0	2	1	0	1	0	1	1	1	1	0	1	1	1	1	0	1	1	2	1	0	1	1	1	1	0	1	2	0	1	0	2	1	0	1	0	1	1	1	1	0	1	1	1	1	0	1	1	2	1	0	1	1	1	1	0
33	1	2	0	1	0	2	1	1	1	0	1	1	0	2	0	1	1	1	1	0	0	1	1	1	0	0	1	1	1	0	1	2	0	1	0	2	1	1	1	0	1	1	0	2	0	1	1	1	1	0	0	1	1	1	0	0	1	1	1	0
34	2	1	0	1	0	2	1	0	1	0	1	1	1	1	0	1	1	1	1	0	1	1	2	1	0	1	2	2	1	0	2	1	0	1	0	2	1	0	1	0	1	1	1	1	0	1	1	1	1	0	1	1	2	1	0	1	2	2	1	0
35	1	2	0	0	0	1	1	1	1	0	1	1	0	1	0	1	1	0	1	0	0	1	1	0	0	0	1	1	0	0	1	2	0	0	0	1	1	1	1	0	1	1	0	1	0	1	1	0	1	0	0	1	1	0	0	0	1	1	0	0
36	1	2	1	1	0	2	2	0	1	0	1	1	1	2	0	1	1	1	2	0	1	1	2	1	0	1	1	1	1	0	1	2	1	1	0	2	2	0	1	0	1	1	1	2	0	1	1	1	2	0	1	1	2	1	0	1	1	1	1	0
37	2	1	0	1	0	2	1	1	1	0	1	1	1	1	0	1	1	1	1	0	1	1	2	1	0	1	2	2	1	0	2	1	0	1	0	2	1	1	1	0	1	1	1	1	0	1	1	1	1	0	1	1	2	1	0	1	2	2	1	0
38	1	2	0	1	0	2	1	0	1	0	1	1	0	2	0	1	1	1	1	0	0	1	1	1	0	0	1	1	1	0	1	2	0	1	0	2	1	0	1	0	1	1	0	2	0	1	1	1	1	0	0	1	1	1	0	0	1	1	1	0
39	1	2	0	1	0	2	1	1	1	0	1	1	1	1	0	1	1	1	1	0	1	1	2	1	0	1	1	1	1	0	1	2	0	1	0	2	1	1	1	0	1	1	1	1	0	1	1	1	1	0	1	1	2	1	0	1	1	1	1	0
40	1	1	0	0	0	1	1	0	1	0	1	1	0	1	0	1	1	0	1	0	0	1	1	0	0	0	1	1	0	0	1	1	0	0	0	1	1	0	1	0	1	1	0	1	0	1	1	0	1	0	0	1	1	0	0	0	1	1	0	0
41	2	2	1	1	0	2	2	1	1	0	1	1	1	2	0	1	1	1	2	0	1	1	2	1	0	1	2	2	1	0	2	2	1	1	0	2	2	1	1	0	1	1	1	2	0	1	1	1	2	0	1	1	2	1	0	1	2	2	1	0
42	1	2	0	1	0	2	1	0	1	0	1	1	1	1	0	1	1	1	1	0	1	1	2	1	0	1	1	1	1	0	1	2	0	1	0	2	1	0	1	0	1	1	1	1	0	1	1	1	1	0	1	1	2	1	0	1	1	1	1	0
43	1	2	0	1	0	2	1	1	1	0	1	1	0	2	0	1	1	1	1	0	0	1	1	1	0	0	1	1	1	0	1	2	0	1	0	2	1	1	1	0	1	1	0	2	0	1	1	1	1	0	0	1	1	1	0	0	1	1	1	0
44	2	1	0	1	0	2	1	0	1	0	1	1	1	1	0	1	1	1	1	0	1	1	2	1	0	1	2	2	1	0	2	1	0	1	0	2	1	0	1	0	1	1	1	1	0	1	1	1	1	0	1	1	2	1	0	1	2	2	1	0
45	1	2	0	0	0	1	1	1	1	0	1	1	0	1	0	1	1	0	1	0	0	1	1	0	0	0	1	1	0	0	1	2	0	0	0	1	1	1	1	0	1	1	0	1	0	1	1	0	1	0	0	1	1	0	0	0	1	1	0	0
46	1	2	1	1	0	2	2	0	1	0	1	1	1	2	0	1	1	1	2	0	1	1	2	1	0	1	1	1	1	0	1	2	1	1	0	2	2	0	1	0	1	1	1	2	0	1	1	1	2	0	1	1	2	1	0	1	1	1	1	0
47	2	1	0	1	0	2	1	1	1	0	1	1	1	1	0	1	1	1	1	0	1	1	2	1	0	1	2	2	1	0	2	1	0	1	0	2	1	1	1	0	1	1	1	1	0	1	1	1	1	0	1	1	2	1	0	1	2	2	1	0
48	1	2	0	1	0	2	1	0	1	0	1	1	0	2	0	1	1	1	1	0	0	1	1	1	0	0	1	1	1	0	1	2	0	1	0	2	1	0	1	0	1	1	0	2	0	1	1	1	1	0	0	1	1	1	0	0	1	1	1	0
49	1	2	0	1	0	2	1	1	1	0	1	1	1	1	0	1	1	1	1	0	1	1	2	1	0	1	1	1	1	0	1	2	0	1	0	2	1	1	1	0	1	1	1	1	0	1	1	1	1	0	1	1	2	1	0	1	1	1	1	0
50	1	1	0	0	0	1	1	0	1	0	1	1	0	1	0	1	1	0	1	0	0	1	1	0	0	0	1	1	0	0	1	1	0	0	0	1	1	0	1	0	1	1	0	1	0	1	1	0	1	0	0	1	1	0	0	0	1	1	0	0
51	2	2	1	1	0	2	2	1	1	0	1	1	1	2	0	1	1	1	2	0	1	1	2	1	0	1	2	2	1	0	2	2	1	1	0	2	2	1	1	0	1	1	1	2	0	1	1	1	2	0	1	1	2	1	0	1	2	2	1	0
52	1	2	0	1	0	2	1	0	1	0	1	1	1	1	0	1	1	1	1	0	1	1	2	1	0	1	1	1	1	0	1	2	0	1	0	2	1	0	1	0	1	1	1	1	0	1	1	1	1	0	1	1	2	1	0	1	1	1	1	0
53	1	2	0	1	0	2	1	1	1	0	1	1	0	2	0	1	1	1	1	0	0	1	1	1	0	0	1	1	1	0	1	2	0	1	0	2	1	1	1	0	1	1	0	2	0	1	1	1	1	0	0	1	1	1	0	0	1	1	1	0
54	2	1	0	1	0	2	1	0	1	0	1	1	1	1	0	1	1	1	1	0	1	1	2	1	0	1	2	2	1	0	2	1	0	1	0	2	1	0	1	0	1	1	1	1	0	1	1	1	1	0	1	1	2	1	0	1	2	2	1	0
55	1	2	0	0	0	1	1	1	1	0	1	1	0	1	0	1	1	0	1	0	0	1	1	0	0	0	1	1	0	0	1	2	0	0	0	1	1	1	1	0	1	1	0	1	0	1	1	0	1	0	0	1	1	0	0	0	1	1	0	0
56	1	2	1	1	0	2	2	0	1	0	1	1	1	2	0	1	1	1	2	0	1	1	2	1	0	1	1	1	1	0	1	2	1	1	0	2	2	0	1	0	1	1	1	2	0	1	1	1	2	0	1	1	2	1	0	1	1	1	1	0
57	2	1	0	1	0	2	1	1	1	0	1	1	1	1	0	1	1	1	1	0	1	1	2	1	0	1	2	2	1	0	2	1	0	1	0	2	1	1	1	0	1	1	1	1	0	1	1	1	1	0	1	1	2	1	0	1	2	2	1	0
58	1	2	0	1	0	2	1	0	1	0	1	1	0	2	0	1	1	1	1	0	0	1	1	1	0	0	1	1	1	0	1	2	0	1	0	2	1	0	1	0	1	1	0	2	0	1	1	1	1	0	0	1	1	1	0	0	1	1	1	0
59	1	2	0	1	0	2	1	1	1	0	1	1	1	1	0	1	1	1	1	0	1	1	2	1	0	1	1	1	1	0	1	2	0	1	0	2	1	1	1	0	1	1	1	1	0	1	1	1	1	0	1	1	2	1	0	1	1	1	1	0
60	1	1	0	0	0	1	1	0	1	0	1	1	0	1	0	1	1	0	1	0	0	1	1	0	0	0	1	1	0	0	1	1	0	0	0	1	1	0	1	0	1	1	0	1	0	1	1	0	1	0	0	1	1	0	0	0	1	1	0	0
61	2	2	1	1	0	2	2	1	1	0	1	1	1	2	0	1	1	1	2	0	1	1	2	1	0	1	2	2	1	0	2	2	1	1	0	2	2	1	1	0	1	1	1	2	0	1	1	1	2	0	1	1	2	1	0	1	2	2	1	0
62	1	2	0	1	0	2	1	0	1	0	1	1	1	1	0	1	1	1	1	0	1	1	2	1	0	1	1	1	1	0	1	2	0	1	0	2	1	0	1	0	1	1	1	1	0	1	1	1	1	0	1	1	2	1	0	1	1	1	1	0
63	1	2	0	1	0	2	1	1	1	0	1	1	0	2	0	1	1	1	1	0	0	1	1	1	0	0	1	1	1	0	1	2	0	1	0	2	1	1	1	0	1	1	0	2	0	1	1	1	1	0	0	1	1	1	0	0	1	1	1	0
64	2	1	0	1	0	2	1	0	1	0	1	1	1	1	0	1	1	1	1	0	1	1	2	1	0	1	2	2	1	0	2	1	0	1	0	2	1	0	1	0	1	1	1	1	0	1	1	1	1	0	1	1	2	1	0	1	2	2	1	0
65	1	2	0	0	0	1	1	1	1	0	1	1	0	1	0	1	1	0	1	0	0	1	1	0	0	0	1	1	0	0	1	2	0	0	0	1	1	1	1	0	1	1	0	1	0	1	1	0	1	0	0	1	1	0	0	0	1	1	0	0
66	1	2	1	1	0	2	2	0	1	0	1	1	1	2	0	1	1	1	2	0	1	1	2	1	0	1	1	1	1	0	1	2	1	1	0	2	2	0	1	0	1	1	1	2	0	1	1	1	2	0	1	1	2	1	0	1	1	1	1	0
67	2	1	0	1	0	2	1	1	1	0	1	1	1	1	0	1	1	1	1	0	1	1	2	1	0	1	2	2	1	0	2	1	0	1	0	2	1	1	1	0	1	1	1	1	0	1	1	1	1	0	1	1	2	1	0	1	2	2	1	0
68	1	2	0	1	0	2	1	0	1	0	1	1	0	2	0	1	1	1	1	0	0	1	1	1	0	0	1	1	1	0	1	2	0	1	0	2	1	0	1	0	1	1	0	2	0	1	1	1	1	0	0	1	1	1	0	0	1	1	1	0
69	1	2	0	1	0	2	1	1	1	0	1	1	1	1	0	1	1	1	1	0	1	1	2	1	0	1	1	1	1	0	1	2	0	1	0	2	1	1	1	0	1	1	1	1	0	1	1	1	1	0	1	1	2	1	0	1	1	1	1	0
70	1	1	0	0	0	1	1	0	1	0	1	1	0	1	0	1	1	0	1	0	0	1	1	0	0	0	1	1	0	0	1	1	0	0	0	1	1	0	1	0	1	1	0	1	0	1	1	0	1	0	0	1	1	0	0	0	1	1	0	0
71	2	2	1	1	0	2	2	1	1	0	1	1	1	2	0	1	1	1	2	0	1	1	2	1	0	1	2	2	1	0	2	2	1	1	0	2	2	1	1	0	1	1	1	2	0	1	1	1	2	0	1	1	2	1	0	1	2	2	1	0
72	1	2	0	1	0	2	1	0	1	0	1	1	1	1	0	1	1	1	1	0	1	1	2	1	0	1	1	1	1	0	1	2	0	1	0	2	1	0	1	0	1	1	1	1	0	1	1	1	1	0	1	1	2	1	0	1	1	1	1	0
73	1	2	0	1	0	2	1	1	1	0	1	1	0	2	0	1	1	1	1	0	0	1	1	1	0	0	1	1	1	0	1	2	0	1	0	2	1	1	1	0	1	1	0	2	0	1	1	1	1	0	0	1	1	1	0	0	1	1	1	0
74	2	1	0	1	0	2	1	0	1	0	1	1	1	1	0	1	1	1	1	0	1	1	2	1	0	1	2	2	1	0	2	1	0	1	0	2	1	0	1	0	1	1	1	1	0	1	1	1	1	0	1	1	2	1	0	1	2	2	1	0
75	1	2	0	0	0	1	1	1	1	0	1	1	0	1	0	1	1	0	1	0	0	1	1	0	0	0	1	1	0	0	1	2	0	0	0	1	1	1	1	0	1	1	0	1	0	1	1	0	1	0	0	1	1	0	0	0	1	1	0	0
76	1	2	1	1	0	2	2	0	1	0	1	1	1	2	0	1	1	1	2	0	1	1	2	1	0	1	1	1	1	0	1	2	1	1	0	2	2	0	1	0	1	1	1	2	0	1	1	1	2	0	1	1	2	1	0	1	1	1	1	0
77	2	1	0	1	0	2	1	1	1	0	1	1	1	1	0	1	1	1	1	0	1	1	2	1	0	1	2	2	1	0	2	1	0	1	0	2	1	1	1	0	1	1	1	1	0	1	1	1	1	0	1	1	2	1	0	1	2	2	1	0
78	1	2	0	1	0	2	1	0	1	0	1	1	0	2	0	1	1	1	1	0	0	1	1	1	0	0	1	1	1	0	1	2	0	1	0	2	1	0	1	0	1	1	0	2	0	1	1	1	1	0	0	1	1	1	0	0	1	1	1	0
79	1	2	0	1	0	2	1	1	1	0	1	1	1	1	0	1	1	1	1	0	1	1	2	1	0	1	1	1	1	0	1	2	0	1	0	2	1	1	1	0	1	1	1	1	0	1	1	1	1	0	1	1	2	1	0	1	1	1	1	0
80	1	1	0	0	0	1	1	0	1	0	1	1	0	1	0	1	1	0	1	0	0	1	1	0	0	0	1	1	0	0	1	1	0	0	0	1	1	0	1	0	1	1	0	1	0	1	1	0	1	0	0	1	1	0	0	0	1	1	0	0
81	2	2	1	1	0	2	2	1	1	0	1	1	1	2	0	1	1	1	2	0	1	1	2	1	0	1	2	2	1	0	2	2	1	1	0	2	2	1	1	0	1	1	1	2	0	1	1	1	2	0	1	1	2	1	0	1	2	2	1	0
82	1	2	0	1	0	2	1	0	1	0	1	1	1	1	0	1	1	1	1	0	1	1	2	1	0	1	1	1	1	0	1	2	0	1	0	2	1	0	1	0	1	1	1	1	0	1	1	1	1	0	1	1	2	1	0	1	1	1	1	0
83	1	2	0	1	0	2	1	1	1	0	1	1	0	2	0	1	1	1	1	0	0	1	1	1	0	0	1	1	1	0	1	2	0	1	0	2	1	1	1	0	1	1	0	2	0	1	1	1	1	0	0	1	1	1	0	0	1	1	1	0
84	2	1	0	1	0	2	1	0	1	0	1	1	1	1	0	1	1	1	1	0	1	1	2	1	0	1	2	2	1	0	2	1	0	1	0	2	1	0	1	0	1	1	1	1	0	1	1	1	1	0	1	1	2	1	0	1	2	2	1	0
85	1	2	0	0	0	1	1	1	1	0	1	1	0	1	0	1	1	0	1	0	0	1	1	0	0	0	1	1	0	0	1	2	0	0	0	1	1	1	1	0	1	1	0	1	0	1	1	0	1	0	0	1	1	0	0	0	1	1	0	0
86	1	2	1	1	0	2	2	0	1	0	1	1	1	2	0	1	1	1	2	0	1	1	2	1	0	1	1	1	1	0	1	2	1	1	0	2	2	0	1	0	1	1	1	2	0	1	1	1	2	0	1	1	2	1	0	1	1	1	1	0
87	2	1	0	1	0	2	1	1	1	0	1	1	1	1	0	1	1	1	1	0	1	1	2	1	0	1	2	2	1	0	2	1	0	1	0	2	1	1	1	0	1	1	1	1	0	1	1	1	1	0	1	1	2	1	0	1	2	2	1	0
88	1	2	0	1	0	2	1	0	1	0	1	1	0	2	0	1	1	1	1	0	0	1	1	1	0	0	1	1	1	0	1	2	0	1	0	2	1	0	1	0	1	1	0	2	0	1	1	1	1	0	0	1	1	1	0	0	1	1	1	0
89	1	2	0	1	0	2	1	1	1	0	1	1	1	1	0	1	1	1	1	0	1	1	2	1	0	1	1	1	1	0	1	2	0	1	0	2	1	1	1	0	1	1	1	1	0	1	1	1	1	0	1	1	2	1	0	1	1	1	1	0
90	1	1	0	0	0	1	1	0	1	0	1	1	0	1	0	1	1	0	1	0	0	1	1	0	0	0	1	1	0	0	1	1	0	0	0	1	1	0	1	0	1	1	0	1	0	1	1	0	1	0	0	1	1	0	0	0	1	1	0	0
91	2	2	1	1	0	2	2	1	1	0	1	1	1	2	0	1	1	1	2	0	1	1	2	1	0	1	2	2	1	0	2	2	1	1	0	2	2	1	1	0	1	1	1	2	0	1	1	1	2	0	1	1	2	1	0	1	2	2	1	0
92	1	2	0	1	0	2	1	0	1	0	1	1	1	1	0	1	1	1	1	0	1	1	2	1	0	1	1	1	1	0	1	2	0	1	0	2	1	0	1	0	1	1	1	1	0	1	1	1	1	0	1	1	2	1	0	1	1	1	1	0
93	1	2	0	1	0	2	1	1	1	0	1	1	0	2	0	1	1	1	1	0	0	1	1	1	0	0	1	1	1	0	1	2	0	1	0	2	1	1	1	0	1	1	0	2	0	1	1	1	1	0	0	1	1	1	0	0	1	1	1	0
94	2	1	0	1	0	2	1	0	1	0	1	1	1	1	0	1	1	1	1	0	1	1	2	1	0	1	2	2	1	0	2	1	0	1	0	2	1	0	1	0	1	1	1	1	0	1	1	1	1	0	1	1	2	1	0	1	2	2	1	0
95	1	2	0	0	0	1	1	1	1	0	1	1	0	1	0	1	1	0	1	0	0	1	1	0	0	0	1	1	0	0	1	2	0	0	0	1	1	1	1	0	1	1	0	1	0	1	1	0	1	0	0	1	1	0	0	0	1	1	0	0
96	1	2	1	1	0	2	2	0	1	0	1	1	1	2	0	1	1	1	2	0	1	1	2	1	0	1	1	1	1	0	1	2	1	1	0	2	2	0	1	0	1	1	1	2	0	1	1	1	2	0	1	1	2	1	0	1	1	1	1	0
97	2	1	0	1	0	2	1	1	1	0	1	1	1	1	0	1	1	1	1	0	1	1	2	1	0	1	2	2	1	0	2	1	0	1	0	2	1	1	1	0	1	1	1	1	0	1	1	1	1	0	1	1	2	1	0	1	2	2	1	0
98	1	2	0	1	0	2	1	0	1	0	1	1	0	2	0	1	1	1	1	0	0	1	1	1	0	0	1	1	1	0	1	2	0	1	0	2	1	0	1	0	1	1	0	2	0	1	1	1	1	0	0	1	1	1	0	0	1	1	1	0
99	1	2	0	1	0	2	1	1	1	0	1	1	1	1	0	1	1	1	1	0	1	1	2	1	0	1	1	1	1	0	1	2	0	1	0	2	1	1	1	0	1	1	1	1	0	1	1	1	1	0	1	1	2	1	0	1	1	1	1	0
100	1	1	0	0	0	1	1	0	1	0	1	1	0	1	0	1	1	0	1	0	0	1	1	0	0	0	1	1	0	0	1	1	0	0	0	1	1	0	1	0	1	1	0	1	0	1	1	0	1	0	0	1	1	0	0	0	1	1	0	0
101	2	2	1	1	0	2	2	1	1	0	1	1	1	2	0	1	1	1	2	0	1	1	2	1	0	1	2	2	1	0	2	2	1	1	0	2	2	1	1	0	1	1	1	2	0	1	1	1	2	0	1	1	2	1	0	1	2	2	1	0
102	1	2	0	1	0	2	1	0	1	0	1	1	1	1	0	1	1	1	1	0	1	1	2	1	0	1	1	1	1	0	1	2	0	1	0	2	1	0	1	0	1	1	1	1	0	1	1	1	1	0	1	1	2	1	0	1	1	1	1	0
103	1	2	0	1	0	2	1	1	1	0	1	1	0	2	0	1	1	1	1	0	0	1	1	1	0	0	1	1	1	0	1	2	0	1	0	2	1	1	1	0	1	1	0	2	0	1	1	1	1	0	0	1	1	1	0	0	1	1	1	0
104	2	1	0	1	0	2	1	0	1	0	1	1	1	1	0	1	1	1	1	0	1	1	2	1	0	1	2	2	1	0	2	1	0	1	0	2	1	0	1	0	1	1	1	1	0	1	1	1	1	0	1	1	2	1	0	1	2	2	1	0
105	1	2	0	0	0	1	1	1	1	0	1	1	0	1	0	1	1	0	1	0	0	1	1	0	0	0	1	1	0	0	1	2	0	0	0	1	1	1	1	0	1	1	0	1	0	1	1	0	1	0	0	1	1	0	0	0	1	1	0	0
106	1	2	1	1	0	2	2	0	1	0	1	1	1	2	0	1	1	1	2	0	1	1	2	1	0	1	1	1	1	0	1	2	1	1	0	2	2	0	1	0	1	1	1	2	0	1	1	1	2	0	1	1	2	1	0	1	1	1	1	0
107	2	1	0	1	0	2	1	1	1	0	1	1	1	1	0	1	1	1	1	0	1	1	2	1	0	1	2	2	1	0	2	1	0	1	0	2	1	1	1	0	1	1	1	1	0	1	1	1	1	0	1	1	2	1	0	1	2	2	1	0
108	1	2	0	1	0	2	1	0	1	0	1	1	0	2	0	1	1	1	1	0	0	1	1	1	0	0	1	1	1	0	1	2	0	1	0	2	1	0	1	0	1	1	0	2	0	1	1	1	1	0	0	1	1	1	0	0	1	1	1	0
109	1	2	0	1	0	2	1	1	1	0	1	1	1	1	0	1	1	1	1	0	1	1	2	1	0	1	1	1	1	0	1	2	0	1	0	2	1	1	1	0	1	1	1	1	0	1	1	1	1	0	1	1	2	1	0	1	1	1	1	0
110	1	1	0	0	0	1	1	0	1	0	1	1	0	1	0	1	1	0	1	0	0	1	1	0	0	0	1	1	0	0	1	1	0	0	0	1	1	0	1	0	1	1	0	1	0	1	1	0	1	0	0	1	1	0	0	0	1	1	0	0
111	2	2	1	1	0	2	2	1	1	0	1	1	1	2	0	1	1	1	2	0	1	1	2	1	0	1	2	2	1	0	2	2	1	1	0	2	2	1	1	0	1	1	1	2	0	1	1	1	2	0	1	1	2	1	0	1	2	2	1	0
112	1	2	0	1	0	2	1	0	1	0	1	1	1	1	0	1	1	1	1	0	1	1	2	1	0	1	1	1	1	0	1	2	0	1	0	2	1	0	1	0	1	1	1	1	0	1	1	1	1	0	1	1	2	1	0	1	1	1	1	0
113	1	2	0	1	0	2	1	1	1	0	1	1	0	2	0	1	1	1	1	0	0	1	1	1	0	0	1	1	1	0	1	2	0	1	0	2	1	1	1	0	1	1	0	2	0	1	1	1	1	0	0	1	1	1	0	0	1	1	1	0
114	2	1	0	1	0	2	1	0	1	0	1	1	1	1	0	1	1	1	1	0	1	1	2	1	0	1	2	2	1	0	2	1	0	1	0	2	1	0	1	0	1	1	1	1	0	1	1	1	1	0	1	1	2	1	0	1	2	2	1	0
115	1	2	0	0	0	1	1	1	1	0	1	1	0	1	0	1	1	0	1	0	0	1	1	0	0	0	1	1	0	0	1	2	0	0	0	1	1	1	1	0	1	1	0	1	0	1	1	0	1	0	0	1	1	0	0	0	1	1	0	0
116	1	2	1	1	0	2	2	0	1	0	1	1	1	2	0	1	1	1	2	0	1	1	2	1	0	1	1	1	1	0	1	2	1	1	0	2	2	0	1	0	1	1	1	2	0	1	1	1	2	0	1	1	2	1	0	1	1	1	1	0
117	2	1	0	1	0	2	1	1	1	0	1	1	1	1	0	1	1	1	1	0	1	1	2	1	0	1	2	2	1	0	2	1	0	1	0	2	1	1	1	0	1	1	1	1	0	1	1	1	1	0	1	1	2	1	0	1	2	2	1	0
118	1	2	0	1	0	2	1	0	1	0	1	1	0	2	0	1	1	1	1	0	0	1	1	1	0	0	1	1	1	0	1	2	0	1	0	2	1	0	1	0	1	1	0	2	0	1	1	1	1	0	0	1	1	1	0	0	1	1	1	0
119	1	2	0	1	0	2	1	1	1	0	1	1	1	1	0	1	1	1	1	0	1	1	2	1	0	1	1	1	1	0	1	2	0	1	0	2	1	1	1	0	1	1	1	1	0	1	1	1	1	0	1	1	2	1	0	1	1	1	1	0
120	1	1	0	0	0	1	1	0	1	0	1	1	0	1	0	1	1	0	1	0	0	1	1	0	0	0	1	1	0	0	1	1	0	0	0	1	1	0	1	0	1	1	0	1	0	1	1	0	1	0	0	1	1	0	0	0	1	1	0	0
121	2	2	1	1	0	2	2	1	1	0	1	1	1	2	0	1	1	1	2	0	1	1	2	1	0	1	2	2	1	0	2	2	1	1	0	2	2	1	1	0	1	1	1	2	0	1	1	1	2	0	1	1	2	1	0	1	2	2	1	0
122	1	2	0	1	0	2	1	0	1	0	1	1	1	1	0	1	1	1	1	0	1	1	2	1	0	1	1	1	1	0	1	2	0	1	0	2	1	0	1	0	1	1	1	1	0	1	1	1	1	0	1	1	2	1	0	1	1	1	1	0
123	1	2	0	1	0	2	1	1	1	0	1	1	0	2	0	1	1	1	1	0	0	1	1	1	0	0	1	1	1	0	1	2	0	1	0	2	1	1	1	0	1	1	0	2	0	1	1	1	1	0	0	1	1	1	0	0	1	1	1	0
124	2	1	0	1	0	2	1	0	1	0	1	1	1	1	0	1	1	1	1	0	1	1	2	1	0	1	2	2	1	0	2	1	0	1	0	2	1	0	1	0	1	1	1	1	0	1	1	1	1	0	1	1	2	1	0	1	2	2	1	0
125	1	2	0	0	0	1	1	1	1	0	1	1	0	1	0	1	1	0	1	0	0	1	1	0	0	0	1	1	0	0	1	2	0	0	0	1	1	1	1	0	1	1	0	1	0	1	1	0	1	0	0	1	1	0	0	0	1	1	0	0
126	1	2	1	1	0	2	2	0	1	0	1	1	1	2	0	1	1	1	2	0	1	1	2	1	0	1	1	1	1	0	1	2	1	1	0	2	2	0	1	0	1	1	1	2	0	1	1	1	2	0	1	1	2	1	0	1	1	1	1	0
127	2	1	0	1	0	2	1	1	1	0	1	1	1	1	0	1	1	1	1	0	1	1	2	1	0	1	2	2	1	0	2	1	0	1	0	2	1	1	1	0	1	1	1	1	0	1	1	1	1	0	1	1	2	1	0	1	2	2	1	0
128	1	2	0	1	0	2	1	0	1	0	1	1	0	2	0	1	1	1	1	0	0	1	1	1	0	0	1	1	1	0	1	2	0	1	0	2	1	0	1	0	1	1	0	2	0	1	1	1	1	0	0	1	1	1	0	0	1	1	1	0
129	1	2	0	1	0	2	1	1	1	0	1	1	1	1	0	1	1	1	1	0	1	1	2	1	0	1	1	1	1	0	1	2	0	1	0	2	1	1	1	0	1	1	1	1	0	1	1	1	1	0	1	1	2	1	0	1	1	1	1	0
130	1	1	0	0	0	1	1	0	1	0	1	1	0	1	0	1	1	0	1	0	0	1	1	0	0	0	1	1	0	0	1	1	0	0	0	1	1	0	1	0	1	1	0	1	0	1	1	0	1	0	0	1	1	0	0	0	1	1	0	0
131	2	2	1	1	0	2	2	1	1	0	1	1	1	2	0	1	1	1	2	0	1	1	2	1	0	1	2	2	1	0	2	2	1	1	0	2	2	1	1	0	1	1	1	2	0	1	1	1	2	0	1	1	2	1	0	1	2	2	1	0
132	1	2	0	1	0	2	1	0	1	0	1	1	1	1	0	1	1	1	1	0	1	1	2	1	0	1	1	1	1	0	1	2	0	1	0	2	1	0	1	0	1	1	1	1	0	1	1	1	1	0	1	1	2	1	0	1	1	1	1	0
133	1	2	0	1	0	2	1	1	1	0	1	1	0	2	0	1	1	1	1	0	0	1	1	1	0	0	1	1	1	0	1	2	0	1	0	2	1	1	1	0	1	1	0	2	0	1	1	1	1	0	0	1	1	1	0	0	1	1	1	0
134	2	1	0	1	0	2	1	0	1	0	1	1	1	1	0	1	1	1	1	0	1	1	2	1	0	1	2	2	1	0	2	1	0	1	0	2	1	0	1	0	1	1	1	1	0	1	1	1	1	0	1	1	2	1	0	1	2	2	1	0
135	1	2	0	0	0	1	1	1	1	0	1	1	0	1	0	1	1	0	1	0	0	1	1	0	0	0	1	1	0	0	1	2	0	0	0	1	1	1	1	0	1	1	0	1	0	1	1	0	1	0	0	1	1	0	0	0	1	1	0	0
136	1	2	1	1	0	2	2	0	1	0	1	1	1	2	0	1	1	1	2	0	1	1	2	1	0	1	1	1	1	0	1	2	1	1	0	2	2	0	1	0	1	1	1	2	0	1	1	1	2	0	1	1	2	1	0	1	1	1	1	0
137	2	1	0	1	0	2	1	1	1	0	1	1	1	1	0	1	1	1	1	0	1	1	2	1	0	1	2	2	1	0	2	1	0	1	0	2	1	1	1	0	1	1	1	1	0	1	1	1	1	0	1	1	2	1	0	1	2	2	1	0
138	1	2	0	1	0	2	1	0	1	0	1	1	0	2	0	1	1	1	1	0	0	1	1	1	0	0	1	1	1	0	1	2	0	1	0	2	1	0	1	0	1	1	0	2	0	1	1	1	1	0	0	1	1	1	0	0	1	1	1	0
139	1	2	0	1	0	2	1	1	1	0	1	1	1	1	0	1	1	1	1	0	1	1	2	1	0	1	1	1	1	0	1	2	0	1	0	2	1	1	1	0	1	1	1	1	0	1	1	1	1	0	1	1	2	1	0	1	1	1	1	0
140	1	1	0	0	0	1	1	0	1	0	1	1	0	1	0	1	1	0	1	0	0	1	1	0	0	0	1	1	0	0	1	1	0	0	0	1	1	0	1	0	1	1	0	1	0	1	1	0	1	0	0	1	1	0	0	0	1	1	0	0
141	2	2	1	1	0	2	2	1	1	0	1	1	1	2	0	1	1	1	2	0	1	1	2	1	0	1	2	2	1	0	2	2	1	1	0	2	2	1	1	0	1	1	1	2	0	1	1	1	2	0	1	1	2	1	0	1	2	2	1	0
142	1	2	0	1	0	2	1	0	1	0	1	1	1	1	0	1	1	1	1	0	1	1	2	1	0	1	1	1	1	0	1	2	0	1	0	2	1	0	1	0	1	1	1	1	0	1	1	1	1	0	1	1	2	1	0	1	1	1	1	0
143	1	2	0	1	0	2	1	1	1	0	1	1	0	2	0	1	1	1	1	0	0	1	1	1	0	0	1	1	1	0	1	2	0	1	0	2	1	1	1	0	1	1	0	2	0	1	1	1	1	0	0	1	1	1	0	0	1	1	1	0
144	2	1	0	1	0	2	1	0	1	0	1	1	1	1	0	1	1	1	1	0	1	1	2	1	0	1	2	2	1	0	2	1	0	1	0	2	1	0	1	0	1	1	1	1	0	1	1	1	1	0	1	1	2	1	0	1	2	2	1	0
145	1	2	0	0	0	1	1	1	1	0	1	1	0	1	0	1	1	0	1	0	0	1	1	0	0	0	1	1	0	0	1	2	0	0	0	1	1	1	1	0	1	1	0	1	0	1	1	0	1	0	0	1	1	0	0	0	1	1	0	0
146	1	2	1	1	0	2	2	0	1	0	1	1	1	2	0	1	1	1	2	0	1	1	2	1	0	1	1	1	1	0	1	2	1	1	0	2	2	0	1	0	1	1	1	2	0	1	1	1	2	0	1	1	2	1	0	1	1	1	1	0
147	2	1	0	1	0	2	1	1	1	0	1	1	1	1	0	1	1	1	1	0	1	1	2	1	0	1	2	2	1	0	2	1	0	1	0	2	1	1	1	0	1	1	1	1	0	1	1	1	1	0	1	1	2	1	0	1	2	2	1	0
148	1	2	0	1	0	2	1	0	1	0	1	1	0	2	0	1	1	1	1	0	0	1	1	1	0	0	1	1	1	0	1	2	0	1	0	2	1	0	1	0	1	1	0	2	0	1	1	1	1	0	0	1	1	1	0	0	1	1	1	0
149	1	2	0	1	0	2	1	1	1	0	1	1	1	1	0	1	1	1	1	0	1	1	2	1	0	1	1	1	1	0	1	2	0	1	0	2	1	1	1	0	1	1	1	1	0	1	1	1	1	0	1	1	2	1	0	1	1	1	1	0
150	1	1	0	0	0	1	1	0	1	0	1	1	0	1	0	1	1	0	1	0	0	1	1	0	0	0	1	1	0	0	1	1	0	0	0	1	1	0	1	0	1	1	0	1	0	1	1	0	1	0	0	1	1	0	0	0	1	1	0	0
151	2	2	1	1	0	2	2	1	1	0	1	1	1	2	0	1	1	1	2	0	1	1	2	1	0	1	2	2	1	0	2	2	1	1	0	2	2	1	1	0	1	1	1	2	0	1	1	1	2	0	1	1	2	1	0	1	2	2	1	0
152	1	2	0	1	0	2	1	0	1	0	1	1	1	1	0	1	1	1	1	0	1	1	2	1	0	1	1	1	1	0	1	2	0	1	0	2	1	0	1	0	1	1	1	1	0	1	1	1	1	0	1	1	2	1	0	1	1	1	1	0
153	1	2	0	1	0	2	1	1	1	0	1	1	0	2	0	1	1	1	1	0	0	1	1	1	0	0	1	1	1	0	1	2	0	1	0	2	1	1	1	0	1	1	0	2	0	1	1	1	1	0	0	1	1	1	0	0	1	1	1	0
154	2	1	0	1	0	2	1	0	1	0	1	1	1	1	0	1	1	1	1	0	1	1	2	1	0	1	2	2	1	0	2	1	0	1	0	2	1	0	1	0	1	1	1	1	0	1	1	1	1	0	1	1	2	1	0	1	2	2	1	0
155	1	2	0	0	0	1	1	1	1	0	1	1	0	1	0	1	1	0	1	0	0	1	1	0	0	0	1	1	0	0	1	2	0	0	0	1	1	1	1	0	1	1	0	1	0	1	1	0	1	0	0	1	1	0	0	0	1	1	0	0
156	1	2	1	1	0	2	2	0	1	0	1	1	1	2	0	1	1	1	2	0	1	1	2	1	0	1	1	1	1	0	1	2	1	1	0	2	2	0	1	0	1	1	1	2	0	1	1	1	2	0	1	1	2	1	0	1	1	1	1	0
157	2	1	0	1	0	2	1	1	1	0	1	1	1	1	0	1	1	1	1	0	1	1	2	1	0	1	2	2	1	0	2	1	0	1	0	2	1	1	1	0	1	1	1	1	0	1	1	1	1	0	1	1	2	1	0	1	2	2	1	0
158	1	2	0	1	0	2	1	0	1	0	1	1	0	2	0	1	1	1	1	0	0	1	1	1	0	0	1	1	1	0	1	2	0	1	0	2	1	0	1	0	1	1	0	2	0	1	1	1	1	0	0	1	1	1	0	0	1	1	1	0
159	1	2	0	1	0	2	1	1	1	0	1	1	1	1	0	1	1	1	1	0	1	1	2	1	0	1	1	1	1	0	1	2	0	1	0	2	1	1	1	0	1	1	1	1	0	1	1	1	1	0	1	1	2	1	0	1	1	1	1	0
160	1	1	0	0	0	1	1	0	1	0	1	1	0	1	0	1	1	0	1	0	0	1	1	0	0	0	1	1	0	0	1	1	0	0	0	1	1	0	1	0	1	1	0	1	0	1	1	0	1	0	0	1	1	0	0	0	1	1	0	0
