INT	INT	STRING	INT	STRING	STRING	STRING	STRING	STRING	STRING	STRING	STRING	STRING	STRING	STRING	STRING	STRING	STRING	STRING	STRING	STRING	STRING	STRING	STRING	STRING	STRING	STRING	STRING	STRING	STRING	STRING	STRING	STRING	STRING	STRING
标识ID的分类ID	本行中所有ID的类型(必须填)	分类说明	本类中的ID数量	ID1	ID2	ID3	ID4	ID5	ID6	ID7	ID8	ID9	ID10	ID11	ID12	ID13	ID14	ID15	ID16	ID17	ID18	ID19	ID20	ID21	ID22	ID23	ID24	ID25	ID26	ID27	ID28	ID29	ID30	结尾说明，测试用
#	公用																																	
0	3		1																															
1	0		30	1241|1242|1243|1244|1245|1246|1247|1248|1249|1250	2021|2022|2023|2024|2025|2026|2027|2028|2029|2030	2041|2042|2043|2044|2045|2046|2047|2048|2049|2050																												dot
2	0		30	2071|2072|2073|2074|2075|2076|2077|2078|2079|2080	3051|3052|3053|3054|3055|3056|3057|3058|3059|3060	3081|3082|3083|3084|3085|3086|3087|3088|3089|3090																												dot
3	0		30	3231|3232|3233|3234|3235|3236|3237|3238|3239|3240	3161|3162|3163|3164|3165|3166|3167|3168|3169|3170	4151|4152|4153|4154|4155|4156|4157|4158|4159|4160																												
4	3		1	122																														
5	0		10	5201|5202|5203|5204|5205|5206|5207|5208|5209|5210																														
6	0		20	2071|2072|2073|2074|2075|2076|2077|2078|2079|2080	3051|3052|3053|3054|3055|3056|3057|3058|3059|3060|	4151|4152|4153|4154|4155|4156|4157|4158|4159|4160	5171|5172|5173|5174|5175|5176|5177|5178|5179|5180	6021|6022|6023|6024|6025|6026|6027|6028|6029|6030	6161|6162|6163|6164|6165|6166|6167|6168|6169|6170|	11480|11481|11482|11483|11484|11485|11486|11487|11488|11489																								
7	3		4	203|204|205|32																														
8	3		1	31																														
9	3		7	401|402|403|404|405|406|407																														
10	3		1	1009																														
11	0		30	4161|4162|4163|4164|4165|4166|4167|4168|4169|4170	4181|4182|4183|4184|4185|4186|4187|4188|4189|4190	5031|5032|5033|5034|5035|5036|5037|5038|5039|5040																												DOT
12	0		30	3161|3162|3163|3164|3165|3171|3172|3173|3174|3175	4111|4112|4113|4114|4115|4151|4152|4153|4154|4155	4161|4162|4163|4164|4165|4181|4182|4183|4184|4185																												DOT
13	0		30	5061|5062|5063|5064|5065|5071|5072|5073|5074|5075	5161|5162|5163|5164|5165|5171|5172|5173|5174|5175	6021|6022|6023|6024|6025|6091|6092|6093|6094|6095																												DOT
14	3		3	501|504																														
15	0		30	5061|5062|5063|5064|5065|5066|5067|5068|5069|5070	5071|5072|5073|5074|5075|5076|5077|5078|5079|5080	5161|5162|5163|5164|5165|5166|5167|5168|5169|5170																												
16	0		30	5171|5172|5173|5174|5175|5176|5177|5178|5179|5180	6091|6092|6093|6094|6095|6096|6097|6098|6099|6100	6161|6162|6163|6164|6165|6166|6167|6168|6169|6170																												
17	0		30	3211|3212|3213|3214|3215|3216|3217|3218|3219|3220	3221|3222|3223|3224|3225|3226|3227|3228|3229|3230	3231|3232|3233|3234|3235|3236|3237|3238|3239|3240																												
18	0		30	4261|4262|4263|4264|4265|4266|4267|4268|4269|4270	5191|5192|5193|5194|5195|5196|5197|5198|5199|5200	6021|6022|6023|6024|6025|6026|6027|6028|6029|6030																												
19	0		30	4111|4112|4113|4114|4115|4116|4117|4118|4119|4120	4211|4212|4213|4214|4215|4216|4217|4218|4219|4220	4281|4282|4283|4284|4285|4286|4287|4288|4289|4290																												
											21160	21161	21162	21163	21164	21165	21166	21167	21168	21169	|	21160|21161|21162|21163|21164|21165|21166|21167|21168|21169												


#	强控																																	
20	0	武士	30	1391|1392|1393|1394|1395|1396|1397|1398|1399|1400	1440|1441|1442|1443|1444|1445|1446|1447|1448|1449	2021|2022|2023|2024|2025|2026|2027|2028|2029|2030	3211|3212|3213|3214|3215|3216|3217|3218|3219|3220	4111|4112|4113|4114|4115|4116|4117|4118|4119|4120	4261|4262|4263|4264|4265|4266|4267|4268|4269|4270	5061|5062|5063|5064|5065|5066|5067|5068|5069|5070	5071|5072|5073|5074|5075|5076|5077|5078|5079|5080	6091|6092|6093|6094|6095|6096|6097|6098|6099|6100	11520|11521|11522|11523|11524|11525|11526|11527|11528|11529	11540|11541|11542|11543|11544|11545|11546|11547|11548|11549	11560|11561|11562|11563|11564|11565|11566|11567|11568|11569	11580|11581|11582|11583|11584|11585|11586|11587|11588|11589	12400|12401|12402|12403|12404|12405|12406|12407|12408|12409	12420|12421|12422|12423|12424|12425|12426|12427|12428|12429	13100|13101|13102|13103|13104|13105|13106|13107|13108|13109	13110|13111|13112|13113|13114|13115|13116|13117|13118|13119	13150|13151|13152|13153|13154|13155|13156|13157|13158|13159	16120|16121|16122|16123|16124|16125|16126|16127|16128|16129	17110|17111|17112|17113|17114|17115|17116|17117|17118|17119	18030|18031|18032|18033|18034|18035|18036|18037|18038|18039	19000|19001|19002|19003|19004|19005|19006|19007|19008|19009|	19020|19021|19022|19023|19024|19025|19026|19027|19028|19029	20060|20061|20062|20063|20064|20065|20066|20067|20068|20069	20150|20151|20152|20153|20154|20155|20156|20157|20158|20159	21020|21021|21022|21023|21024|21025|21026|21027|21028|21029	21050|21051|21052|21053|21054|21055|21056|21057|21058|21059	21140|21141|21142|21143|21144|21145|21146|21147|21148|21149	21160|21161|21162|21163|21164|21165|21166|21167|21168|21169	22060|22061|22062|22063|22064|22065|22066|22067|22068|22069	
21	0	剑侠	10																															
22	0	骑射	10																															
23	0	火枪	20																															
24	0	先知	30																															
25	3		30	4|5|6|7|8|9|31|32|33|34	35|36														





#	所有强控																		
30	0		30	1391|1392|1393|1394|1395|1396|1397|1398|1399|1400	2021|2022|2023|2024|2025|2026|2027|2028|2029|2030	3211|3212|3213|3214|3215|3216|3217|3218|3219|3220	4111|4112|4113|4114|4115|4116|4117|4118|4119|4120	4261|4262|4263|4264|4265|4266|4267|4268|4269|4270	5061|5062|5063|5064|5065|5066|5067|5068|5069|5070	5071|5072|5073|5074|5075|5076|5077|5078|5079|5080	5201|5202|5203|5204|5205|5206|5207|5208|5209|5210	17070|17071|17072|17073|17074|17075|17076|17077|17078|17079	17090|17091|17092|17093|17094|17095|17096|17097|17098|17099	17110|17111|17112|17113|17114|17115|17116|17117|17118|17119	17140|17141|17142|17143|17144|17145|17146|17147|17148|17149	18030|18031|18032|18033|18034|18035|18036|18037|18038|18039	18040|18041|18042|18043|18044|18045|18046|18047|18048|18049	18150|18151|18152|18153|18154|18155|18156|18157|18158|18159	18190|18191|18192|18193|18194|18195|18196|18197|18198|18199
#	负面DeBuff																		
40	0	武士	30	1241|1242|1243|1244|1245|1246|1247|1248|1249|1250	1261|1262|1263|1264|1265|1266|1267|1268|1269|1270	1421|1422|1423|1424|1425|1426|1427|1428|1429|1430													
41	0	剑侠	30	2041|2042|2043|2044|2045|2046|2047|2048|2049|2050	2071|2072|2073|2074|2075|2076|2077|2078|2079|2080	2171|2172|2173|2174|2175|2176|2177|2178|2179|2180													
42	0	骑射	30	3051|3052|3053|3054|3055|3056|3057|3058|3059|3060	3161|3162|3163|3164|3165|3166|3167|3168|3169|3170	3171|3172|3173|3174|3175|3176|3177|3178|3179|3180													
43	0	骑射	20	3211|3212|3213|3214|3215|3216|3217|3218|3219|3220	3231|3232|3233|3234|3235|3236|3237|3238|3239|3240														
44	0	火枪	30	4151|4152|4153|4154|4155|4156|4157|4158|4159|4160	4191|4192|4193|4194|4195|4196|4197|4198|4199|4200	4241|4242|4243|4244|4245|4246|4247|4248|4249|4250													
45	0	先知	30	5061|5062|5063|5064|5065|5066|5067|5068|5069|5070	5161|5162|5163|5164|5165|5166|5167|5168|5169|5170	5171|5172|5173|5174|5175|5176|5177|5178|5179|5180													
46	0	先知	30	5191|5192|5193|5194|5195|5196|5197|5198|5199|5200	5211|5212|5213|5214|5215|5216|5217|5218|5219|5220	5231|5232|5233|5234|5235|5236|5237|5238|5239|5240													
47	0	撒满	10	6021|6022|6023|6024|6025|6026|6027|6028|6029|6030																												
48	0	怪物负面效果	30	14103|14105|14107|14109|14111|14201|14202|14222	14207|14209|14211|14214|14215|14219|14302|14831	14308|14312|14313|14314|14100|14110|14810|14821	14120|14121|14122|14123|14141|13502	13100|13101|13102|13103|13104|13105|13106|13107|13108|13109	13110|13111|13112|13113|13114|13115|13116|13117|13118|13119	13120|13121|13122|13123|13124|13125|13126|13127|13128|13129	13130|13131|13132|13133|13134|13135|13136|13137|13138|13139	13140|13141|13142|13143|13144|13145|13146|13147|13148|13149	13150|13151|13152|13153|13154|13155|13156|13157|13158|13159	13160|13161|13162|13163|13164|13165|13166|13167|13168|13169	13170|13171|13172|13173|13174|13175|13176|13177|13178|13179	13180|13181|13182|13183|13184|13185|13186|13187|13188|13189	13190|13191|13192|13193|13194|13195|13196|13197|13198|13199	13210|14000|13502	16120|16121|16122|16123|16124|16125|16126|16127|16128|16129													
#	所有负面DeBuff																															
50	0		30	1241|1242|1243|1244|1245|1246|1247|1248|1249|1250	1261|1262|1263|1264|1265|1266|1267|1268|1269|1270	1421|1422|1423|1424|1425|1426|1427|1428|1429|1430	1440|1441|1442|1443|1444|1445|1446|1447|1448|1449	11480|11481|11482|11483|11484|11485|11486|11487|11488|11489	11500|11501|11502|11503|11504|11505|11506|11507|11508|11509	17070|17071|17072|17073|17074|17075|17076|17077|17078|17079	17090|17091|17092|17093|17094|17095|17096|17097|17098|17099	17110|17111|17112|17113|17114|17115|17116|17117|17118|17119	17140|17141|17142|17143|17144|17145|17146|17147|17148|17149	18030|18031|18032|18033|18034|18035|18036|18037|18038|18039	18040|18041|18042|18043|18044|18045|18046|18047|18048|18049	18150|18151|18152|18153|18154|18155|18156|18157|18158|18159	19000|19001|19002|19003|19004|19005|19006|19007|19008|19009	19020|19021|19022|19023|19024|19025|19026|19027|19028|19029	19050|19051|19052|19053|19054|19055|19056|19057|19058|19059	20000|20001|20002|20003|20004|20005|20006|20007|20008|20009	20010|20011|20012|20013|20014|20015|20016|20017|20018|20019	20060|20061|20062|20063|20064|20065|20066|20067|20068|20069	22160|22161|22162|22163|22164|22165|22166|22167|22168|22169	21010|21011|21012|21013|21014|21015|21016|21017|21018|21019	21020|21021|21022|21023|21024|21025|21026|21027|21028|21029	21050|21051|21052|21053|21054|21055|21056|21057|21058|21059	21140|21141|21142|21143|21144|21145|21146|21147|21148|21149	21150|21151|21152|21153|21154|21155|21156|21157|21158|21159	21160|21161|21162|21163|21164|21165|21166|21167|21168|21169			
51	0		30	2041|2042|2043|2044|2045|2046|2047|2048|2049|2050	2071|2072|2073|2074|2075|2076|2077|2078|2079|2080	2171|2172|2173|2174|2175|2176|2177|2178|2179|2180	2211|2212|2213|2214|2215|2216|2217|2218|2219|2220	9705	12650|12651|12652|12653|12654|12655|12656|12657|12658|12659	17190|17191|17192|17193|17194|17195|17196|17197|17198|17199	17200|17201|17202|17203|17204|17205|17206|17207|17208|17209	20150|20151|20152|20153|20154|20155|20156|20157|20158|20159	20160|20161|20162|20163|20164|20165|20166|20167|20168|20169																			
52	0		30	3051|3052|3053|3054|3055|3056|3057|3058|3059|3060	3161|3162|3163|3164|3165|3166|3167|3168|3169|3170	3171|3172|3173|3174|3175|3176|3177|3178|3179|3180	11520|11521|11522|11523|11524|11525|11526|11527|11528|11529|	12670|12671|12672|12673|12674|12675|12676|12677|12678|12679																								
53	0		30	3211|3212|3213|3214|3215|3216|3217|3218|3219|3220	3231|3232|3233|3234|3235|3236|3237|3238|3239|3240	6021|6022|6023|6024|6025|6026|6027|6028|6029|6030	11560|11561|11562|11563|11564|11565|11566|11567|11568|11569	12690|12691|12692|12693|12694|12695|12696|12697|12698|12699																								
54	0		30	4151|4152|4153|4154|4155|4156|4157|4158|4159|4160	4191|4192|4193|4194|4195|4196|4197|4198|4199|4200	4241|4242|4243|4244|4245|4246|4247|4248|4249|4250	11580|11581|11582|11583|11584|11585|11586|11587|11588|11589|	12710|12711|12712|12713|12714|12715|12716|12717|12718|12719																								
55	0		30	5061|5062|5063|5064|5065|5066|5067|5068|5069|5070	5161|5162|5163|5164|5165|5166|5167|5168|5169|5170	5171|5172|5173|5174|5175|5176|5177|5178|5179|5180	12400|12401|12402|12403|12404|12405|12406|12407|12408|12409|	12730|12731|12732|12733|12734|12735|12736|12737|12738|12739																								
56	0		30	4111|4112|4113|4114|4115|4116|4117|4118|4119|4120	5211|5212|5213|5214|5215|5216|5217|5218|5219|5220	5231|5232|5233|5234|5235|5236|5237|5238|5239|5240	12410|12411|12412|12413|12414|12415|12416|12417|12418|12419	12750|12751|12752|12753|12754|12755|12756|12757|12758|12759																								
#	所有正面效果																															
60			30	1281|1282|1283|1284|1285|1286|1287|1288|1289|1290	1291|1292|1293|1294|1295|1296|1297|1298|1299|1300	1301|1302|1303|1304|1305|1306|1307|1308|1309|1310	1321|1322|1323|1324|1325|1326|1327|1328|1329|1330	1381|1382|1383|1384|1385|1386|1387|1388|1389|1390	2061|2062|2063|2064|2065|2066|2067|2068|2069|2070	2101|2102|2103|2104|2105|2106|2107|2108|2109|2110	2111|2112|2113|2114|2115|2116|2117|2118|2119|2120	2141|2142|2143|2144|2145|2146|2147|2148|2149|2150	3091|3092|3093|3094|3095|3096|3097|3098|3099|3100	3111|3112|3113|3114|3115|3116|3117|3118|3119|3120	3241|3242|3243|3244|3245|3246|3247|3248|3249|3250	3251|3252|3253|3254|3255|3256|3257|3258|3259|3260	3271|3272|3273|3274|3275|3276|3277|3278|3279|3280	4091|4092|4093|4094|4095|4096|4097|4098|4099|4100	4101|4102|4103|4104|4105|4106|4107|4108|4109|4110	4291|4292|4293|4294|4295|4296|4297|4298|4299|4300	5081|5082|5083|5084|5085|5086|5087|5088|5089|5090	5091|5092|5093|5094|5095|5096|5097|5098|5099|5100	5101|5102|5103|5104|5105|5106|5107|5108|5109|5110	6101|6102|6103|6104|6105|6106|6107|6108|6109|6110	6121|6122|6123|6124|6125|6126|6127|6128|6129|6130							
61			30	17010|17011|17012|17013|17014|17015|17016|17017|17018|17019	17020|17021|17022|17023|17024|17025|17026|17027|17028|17029	17030|17031|17032|17033|17034|17035|17036|17037|17038|17039	17040|17041|17042|17043|17044|17045|17046|17047|17048|17049	17050|17051|17052|17053|17054|17055|17056|17057|17058|17059	18000|18001|18002|18003|18004|18005|18006|18007|18008|18009	18010|18011|18012|18013|18014|18015|18016|18017|18018|18019	18050|18051|18052|18053|18054|18055|18056|18057|18058|18059	18060|18061|18062|18063|18064|18065|18066|18067|18068|18069	18070|18071|18072|18073|18074|18075|18076|18077|18078|18079	18080|18081|18082|18083|18084|18085|18086|18087|18088|18089	19030|19031|19032|19033|19034|19035|19036|19037|19038|19039	19060|19061|19062|19063|19064|19065|19066|19067|19068|19069	19070|19071|19072|19073|19074|19075|19076|19077|19078|19079	20020|20021|20022|20023|20024|20025|20026|20027|20028|20029	20040|20041|20042|20043|20044|20045|20046|20047|20048|20049	20050|20051|20052|20053|20054|20055|20056|20057|20058|20059	20070|20071|20072|20073|20074|20075|20076|20077|20078|20079	21030|21031|21032|21033|21034|21035|21036|21037|21038|21039	21060|21061|21062|21063|21064|21065|21066|21067|21068|21069	22060|22061|22062|22063|22064|22065|22066|22067|22068|22069	22070|22071|22072|22073|22074|22075|22076|22077|22078|22079	22080|22081|22082|22083|22084|22085|22086|22087|22088|22089	22090|22091|22092|22093|22094|22095|22096|22097|22098|22099	22100|22101|22102|22103|22104|22105|22106|22107|22108|22109	22110|22111|22112|22113|22114|22115|22116|22117|22118|22119	22120|22121|22122|22123|22124|22125|22126|22127|22128|22129	22130|22131|22132|22133|22134|22135|22136|22137|22138|22139	22140|22141|22142|22143|22144|22145|22146|22147|22148|22149
62			30	22150|22151|22152|22153|22154|22155|22156|22157|22158|22159	22160|22161|22162|22163|22164|22165|22166|22167|22168|22169	22170|22171|22172|22173|22174|22175|22176|22177|22178|22179	22230|22231|22232|22233|22234|22235|22236|22237|22238|22239|22240	21000|21001|21002|21003|21004|21005|21006|21007|21008|21009																								








#	宝石			
#	武士			
100	3		1	123
101	3		1	125
102	3		1	129
103	3		1	130
104	0		1	10008
105	0		1	10012
106	0		1	1440|1441|1442|1443|1444|1445|1446|1447|1448|1449
107	0		1	10018
150	3		30	31|32|33|34|35|36|121|123|125|203	204|205|207|215|304|305|306|307|404|406	407|418|420|501|502|503|504|505|507|605																												破阵伤害加深
#	十字军																																	
151	3	裁决伤害增加	30	1105																														
152	0	审判流血效果增加2秒	30	17070|17071|17072|17073|17074|17075|17076|17077|17078|17079																														
153	0	十字军冲锋眩晕时间增加0.5秒	30	17110|17111|17112|17113|17114|17115|17116|17117|17118|17119																														
154	0	狂热持续时间增加5秒	30	17050|17051|17052|17053|17054|17055|17056|17057|17058|17059																														
155	0	十字军之怒迟缓效果增加1秒	30	17140|17141|17142|17143|17144|17145|17146|17147|17148|17149																														
156	0	裁决在目标流血效果下的伤害增加20%	30	17070|17071|17072|17073|17074|17075|17076|17077|17078|17079																														






#	剑侠			0																														
200	3		1	216																														
201	3		1	207	
202	3		1	209	
203	3		1	202	
204	3		1	206	
205	0		1	10111	
206	0		1	10113	
207	0		1	10116	
208	0		1	10120	
209	0		1	10125	
210	0		1	10127	
#	圣火令				
251	3		30	1200|1201|1202|1203|1204|1205|1206|1207|1208|1209	1211|1212|1213|1214
252	0		30	18000|18001|18002|18003|18004|18005|18006|18007|18008|18009	
253	0		30	18010|18011|18012|18013|18014|18015|18016|18017|18018|18019	
254	0		30	18040|18041|18042|18043|18044|18045|18046|18047|18048|18049	
255	0		30	18050|18051|18052|18053|18054|18055|18056|18057|18058|18059	18060|18061|18062|18063|18064|18065|18066|18067|18068|18069
256	0		30	18150|18151|18152|18153|18154|18155|18156|18157|18158|18159
257	0		30	18030|18031|18032|18033|18034|18035|18036|18037|18038|18039
258	0		30	18190|18191|18192|18193|18194|18195|18196|18197|18198|18199|







#	骑射			
300	3		6	303|305|306|307|310|311
301	3	"淬毒箭使目标受到骑射伤害加深25%,持续5秒"	5	33|303|305|306|307
302	0		1	10209
303	0		10	3111|3112|3113|3114|3115|3116|3117|3118|3119|3120
304	0		10	3011|3012|3013|3014|3015|3016|3017|3018|3019|3020
305	0	"迷魂索使用后自身增加提速50%效果持续6秒,必须包含305gather内的ID才能激活释放."	1	10209	
306	0	神雕之歌使目标减速30%持续3秒	1	10201	
307	0	百步穿杨25%概率使目标眩晕1秒	1	10203	
308	0	"淬毒箭使目标受到骑射伤害加深25%,持续5秒"	1	10206	
309	0		1	10223	
310	0		1	10225	
311	0		30	3291|3292|3293|3294|3295|3296|3297|3298|3299|3300|	
312	0		1	10228	
313	3		1	303	
#	刺客				
351	3		1	1309	
352	0		30	19050|19051|19052|19053|19054|19055|19056|19057|19058|19059	
353	0		30	19040|19041|19042|19043|19044|19045|19046|19047|19048|19049	19050|19051|19052|19053|19054|19055|19056|19057|19058|19059
354	0		30	19030|19031|19032|19033|19034|19035|19036|19037|19038|19039	
355	0		30	19010|19011|19012|19013|19014|19015|19016|19017|19018|19019	












#	火枪				
400	3		19	404|405|406|407|408|411|412|413	414|415|416|418|419|420|421|422
401	3		5	34|404|405|418|422	
402	0	"狙击有5%的几率给自己增加1颗子弹,必须包含402gather内的ID才能激活释放."	1	10301	
403	0	"狙击有10%的几率使目标受到伤害加深25%,持续5秒"	1	10303	
404	0	"霰光雷进入无敌状态后回春效果每秒增加2%点生命,持续30秒"	1	10316
405	0	地网雷使用时有50%的几率使自己无敌3秒	1	10319
406	0	快速填弹增加子弹数量增加1个	1	10323
407	3	狙击dot延长2秒	1	404
408	0	近战搏杀有10%的几率下一个技能瞬发持续50秒.该效果10秒钟之内只能激活一次.	1	10306
409	0	排子炮有25%率回复生命25%(镶嵌位置：剑主，剑副)	1	10308
410	0		1	10326
411	0		1	10329
#	近卫军			
451	0		30	20050|20051|20052|20053|20054|20055|20056|20057|20058|20059
452	0		30	20020|20021|20022|20023|20024|20025|20026|20027|20028|20029
453	3		30	7|1407|1408|1410|1412
454	0		30	20000|20001|20002|20003|20004|20005|20006|20007|20008|20009
455	0		30	20150|20151|20152|20153|20154|20155|20156|20157|20158|20159
456	0		30	20040|20041|20042|20043|20044|20045|20046|20047|20048|20049
457	0		30	20050|20051|20052|20053|20054|20055|20056|20057|20058|20059


#	先知																		
500	3		16	501	502	503	504	505	506	507	508	509	510	511	512	513	514	515	516
501	3		1	501|502|503															
502	3		15	34	35	404	406	418	419	420	422	501	502	503	504	505	516		
503	0	"玄石之盾在受到攻击时有10%的几率让攻击者受到迟缓效果,持续3秒,该技能消耗增加45点,必须包含503gather内的ID才能激活释放."	1	10418															
504	0		1	10403															
505	3		1	504															
506	0		1	10405															
507	3	气定神闲修正技能	2	501	504														
508	0		1	10426															
509	0		1	5071|5072|5073|5074|5075|5076|5077|5078|5079|5080															
510	3		1	507															
#	隐修士																		
551	3		30	8|1507|1508|1509|1510															
552	0		30	21000|21001|21002|21003|21004|21005|21006|21007|21008|21009	
553	0		30	21140|21141|21142|21143|21144|21145|21146|21147|21148|21149	21150|21151|21152|21153|21154|21155|21156|21157|21158|21159
554	0		30	21020|21021|21022|21023|21024|21025|21026|21027|21028|21029	21160|21161|21162|21163|21164|21165|21166|21167|21168|21169
555	0		30	21030|21031|21032|21033|21034|21035|21036|21037|21038|21039	
556	3	神恩祷言修正技能	1	1510	
557	0		30	21050|21051|21052|21053|21054|21055|21056|21057|21058|21059	


#	撒满				
600	3		1	606	
601	0	小巫医术25%向目标施展回春(效果同巫医之舞)	1	10504	
602	0	勇气之光使用时有1%的几率不记冷却时间	1	10510	
603	0	大巫医术使用后有50%的几率同时对自身释放1次	1	10516	
604	0	"雪神附体同时影响目标周围的目标最多6个,驱除负面效果1个,10米范围"	1	10523	
605	0		1	10526	
606	0		1	6111|6112|6113|6114|6115|6116|6117|6118|6119|6120	
607	0		1	6021|6022|6023|6024|6025|6026|6027|6028|6029|6030					
608	0		1	6121|6122|6123|6124|6125|6126|6127|6128|6129|6130					
609	3		1	609					
610	3		1	602					
#	僧侣								
651	3		30	1600|1601|1602					
652	0		30	22090|22091|22092|22093|22094|22095|22096|22097|22098|22099	22100|22101|22102|22103|22104|22105|22106|22107|22108|22109	22110|22111|22112|22113|22114|22115|22116|22117|22118|22119	22120|22121|22122|22123|22124|22125|22126|22127|22128|22129	22130|22131|22132|22133|22134|22135|22136|22137|22138|22139	22230|22231|22232|22233|22234|22235|22236|22237|22238|22239
653	0		30	22150|22151|22152|22153|22154|22155|22156|22157|22158|22159					
















#	不能加血gather													
800	5		30	6041|6042|6043|6044|6045|6046|6047|6048|6049|6050|	6121|6122|6123|6124|6125|6126|6127|6128|6129|6130|	6111|6112|6113|6114|6115|6116|6117|6118|6119|6120|	6191|6192|6193|6194|6195|6196|6197|6198|6199|6200|	10527|10505	17000|17001|17002|17003|17004|17005|17006|17007|17008|17009	22130|22131|22132|22133|22134|22135|22136|22137|22138|22139	22150|22151|22152|22153|22154|22155|22156|22157|22158|22159	22060|22061|22062|22063|22064|22065|22066|22067|22068|22069	22070|22071|22072|22073|22074|22075|22076|22077|22078|22079	22240|22241|22242|22243|22244|22245|22246|22247|22248|22249
801	5		30	6041|6042|6043|6044|6045|6046|6047|6048|6049|6050|	6121|6122|6123|6124|6125|6126|6127|6128|6129|6130|	6111|6112|6113|6114|6115|6116|6117|6118|6119|6120|	6191|6192|6193|6194|6195|6196|6197|6198|6199|6200|	10527|10505	17000|17001|17002|17003|17004|17005|17006|17007|17008|17009	22130|22131|22132|22133|22134|22135|22136|22137|22138|22139	22150|22151|22152|22153|22154|22155|22156|22157|22158|22159	22060|22061|22062|22063|22064|22065|22066|22067|22068|22069	22070|22071|22072|22073|22074|22075|22076|22077|22078|22079	22240|22241|22242|22243|22244|22245|22246|22247|22248|22249
#	玩法													
900	3	妖邪地宫减少全职业群杀CD	30	125|207|307|422|505|605	1108|1208|1308|1408|1509|1606									
#	召唤				|									
1000	3		5	304	305									
