INT	INT	INT	INT	STRING	STRING	STRING	INT	INT	STRING	STRING	INT	STRING	STRING	INT	STRING	INT	STRING	INT	STRING
INDEX	日推荐	月推荐	"是否所有人可见,0为否"	等级段	国家	帮会	家族	任务类型	任务名称	任务有效月	任务以星期或日期来做	任务时段	任务时间	个人全局变量解析标记 0:表示以天为标记 1:表示以周为标记	个人全局变量	每日次数	任务简介	接任务NPCID	图标
0	0	0	1	20~160	0	0	0	0	【队伍】三环副本	0	1	0	0	1	209|0|9|209|9|7	21	经验副本，共享每周21次	123744	
1	0	0	1	25~160	0	0	0	0	【队伍】藏宝洞	0	1	0	0	0	204|16|9|204|25|7	5	这里有各种道具奖励	123711	
2	0	0	1	20~160	1	0	0	0	【队伍】三环副本	0	1	0	0	1	209|0|9|209|9|7	21	经验副本，共享每周21次	126040	
3	0	0	1	25~160	1	0	0	0	【队伍】藏宝洞	0	1	0	0	0	204|16|9|204|25|7	5	这里有各种道具奖励	126010	
4	0	0	1	20~160	2	0	0	0	【队伍】三环副本	0	1	0	0	1	209|0|9|209|9|7	21	经验副本，共享每周21次	129041	
5	0	0	1	25~160	2	0	0	0	【队伍】藏宝洞	0	1	0	0	0	204|16|9|204|25|7	5	这里有各种道具奖励	129008	
6	0	0	1	20~160	3	0	0	0	【队伍】三环副本	0	1	0	0	1	209|0|9|209|9|7	21	经验副本，共享每周21次	132040	
7	0	0	1	25~160	3	0	0	0	【队伍】藏宝洞	0	1	0	0	0	204|16|9|204|25|7	5	这里有各种道具奖励	132010	
8	0	0	1	20~160	0	1~10	0	0	【帮会】帮会暗战	0	1	0	0	0	16|16|9|16|25|7	1	去消灭指定的怪物吧	123723	
9	0	0	1	20~160	1	1~10	0	0	【帮会】帮会暗战	0	1	0	0	0	16|16|9|16|25|7	1	去消灭指定的怪物吧	126020	
10	0	0	1	20~160	2	1~10	0	0	【帮会】帮会暗战	0	1	0	0	0	16|16|9|16|25|7	1	去消灭指定的怪物吧	129020	
11	0	0	1	20~160	3	1~10	0	0	【帮会】帮会暗战	0	1	0	0	0	16|16|9|16|25|7	1	去消灭指定的怪物吧	132020	
12	0	0	1	20~160	0	1~10	0	0	【帮会】帮会贡品	0	1	0	0	0	2|22|9|91|27|4	10	为帮会提供人力物力	123723	
13	0	0	1	20~160	1	1~10	0	0	【帮会】帮会贡品	0	1	0	0	0	2|22|9|91|27|4	10	为帮会提供人力物力	126020	
14	0	0	1	20~160	2	1~10	0	0	【帮会】帮会贡品	0	1	0	0	0	2|22|9|91|27|4	10	为帮会提供人力物力	129020	
15	0	0	1	20~160	3	1~10	0	0	【帮会】帮会贡品	0	1	0	0	0	2|22|9|91|27|4	10	为帮会提供人力物力	132020	
16	0	0	1	25~160	0	0	0	0	【个人】内政任务	0	1	0	0	0	0|22|9|1|6|8	10	超高经验，千万别放弃	123745	
17	0	0	1	25~160	1	0	0	0	【个人】内政任务	0	1	0	0	0	0|22|9|1|6|8	10	超高经验，千万别放弃	126041	
18	0	0	1	25~160	2	0	0	0	【个人】内政任务	0	1	0	0	0	0|22|9|1|6|8	10	超高经验，千万别放弃	129042	
19	0	0	1	25~160	3	0	0	0	【个人】内政任务	0	1	0	0	0	0|22|9|1|6|8	10	超高经验，千万别放弃	132041	
20	0	0	1	40~160	0	0	0	0	【个人】大漠盗宝客	0	1	0	0	0	42|21|9|42|17|4	10	消灭盗宝客	124057	
21	0	0	1	40~160	1	0	0	0	【个人】大漠盗宝客	0	1	0	0	0	42|21|9|42|17|4	10	消灭盗宝客	127033	
22	0	0	1	40~160	2	0	0	0	【个人】大漠盗宝客	0	1	0	0	0	42|21|9|42|17|4	10	消灭盗宝客	130041	
23	0	0	1	40~160	3	0	0	0	【个人】大漠盗宝客	0	1	0	0	0	42|21|9|42|17|4	10	消灭盗宝客	133033	
24	0	0	1	30~160	0	0	0	0	【个人】官府押运	0	1	0	0	0	16|0|9|16|9|7	3	风险与经验并存	123767	
25	0	0	1	30~160	1	0	0	0	【个人】官府押运	0	1	0	0	0	16|0|9|16|9|7	3	风险与经验并存	126063	
26	0	0	1	30~160	2	0	0	0	【个人】官府押运	0	1	0	0	0	16|0|9|16|9|7	3	风险与经验并存	129066	
27	0	0	1	30~160	3	0	0	0	【个人】官府押运	0	1	0	0	0	16|0|9|16|9|7	3	风险与经验并存	132063	
28	0	0	1	30~160	0	0	0	0	【个人】黑金押运	0	1	0	0	0	17|0|9|17|9|7	3	高风险必然带来高利润	123767	
29	0	0	1	30~160	1	0	0	0	【个人】黑金押运	0	1	0	0	0	17|0|9|17|9|7	3	高风险必然带来高利润	126063	
30	0	0	1	30~160	2	0	0	0	【个人】黑金押运	0	1	0	0	0	17|0|9|17|9|7	3	高风险必然带来高利润	129066	
31	0	0	1	30~160	3	0	0	0	【个人】黑金押运	0	1	0	0	0	17|0|9|17|9|7	3	高风险必然带来高利润	132063	
32	0	0	1	30~160	0	0	0	0	【个人】国家守边	0	1	0	0	0	17|16|9|17|25|7	3	为国守边，经验荣誉并存	125508	
33	0	0	1	30~160	1	0	0	0	【个人】国家守边	0	1	0	0	0	17|16|9|17|25|7	3	为国守边，经验荣誉并存	128510	
34	0	0	1	30~160	2	0	0	0	【个人】国家守边	0	1	0	0	0	17|16|9|17|25|7	3	为国守边，经验荣誉并存	131510	
35	0	0	1	30~160	3	0	0	0	【个人】国家守边	0	1	0	0	0	17|16|9|17|25|7	3	为国守边，经验荣誉并存	134510	
36	0	0	1	40~160	1	0	0	0	【个人】敌国除奸(楼兰)	0	1	0	0	0	20|0|9|20|9|7	1	敌国除奸，经验荣誉并存	128503	
37	0	0	1	40~160	1	0	0	0	【个人】敌国刺杀(楼兰)	0	1	0	0	0	18|0|9|18|9|7	1	敌国刺杀，经验荣誉并存	128505	
38	0	0	1	40~160	1	0	0	0	【个人】敌国情报(楼兰)	0	1	0	0	0	22|0|9|22|9|7	1	敌国情报，经验荣誉并存	128504	
39	0	0	1	40~160	1	0	0	0	【个人】敌国夺旗(楼兰)	0	1	0	0	0	24|0|9|24|9|7	1	敌国夺旗，经验荣誉并存	128502	
40	0	0	1	40~160	2	0	0	0	【个人】敌国除奸(楼兰)	0	1	0	0	0	20|0|9|20|9|7	1	敌国除奸，经验荣誉并存	131503	
41	0	0	1	40~160	2	0	0	0	【个人】敌国刺杀(楼兰)	0	1	0	0	0	18|0|9|18|9|7	1	敌国刺杀，经验荣誉并存	131505	
42	0	0	1	40~160	2	0	0	0	【个人】敌国情报(楼兰)	0	1	0	0	0	22|0|9|22|9|7	1	敌国情报，经验荣誉并存	131504	
43	0	0	1	40~160	2	0	0	0	【个人】敌国夺旗(楼兰)	0	1	0	0	0	24|0|9|24|9|7	1	敌国夺旗，经验荣誉并存	131502	
44	0	0	1	40~160	3	0	0	0	【个人】敌国除奸(楼兰)	0	1	0	0	0	20|0|9|20|9|7	1	敌国除奸，经验荣誉并存	134503	
45	0	0	1	40~160	3	0	0	0	【个人】敌国刺杀(楼兰)	0	1	0	0	0	18|0|9|18|9|7	1	敌国刺杀，经验荣誉并存	134505	
46	0	0	1	40~160	3	0	0	0	【个人】敌国情报(楼兰)	0	1	0	0	0	22|0|9|22|9|7	1	敌国情报，经验荣誉并存	134504	
47	0	0	1	40~160	3	0	0	0	【个人】敌国夺旗(楼兰)	0	1	0	0	0	24|0|9|24|9|7	1	敌国夺旗，经验荣誉并存	134502	
48	0	0	1	50~64	0~3	0	0	0	【个人】五耀律诀	0	1	0	0	0	27|5|9|0|0|0	1	获得五耀之证	129705	
49	0	0	1	65~160	0~3	0	0	0	【个人】五耀律诀	0	1	0	0	0	27|5|9|0|0|0	1	获得五耀之证	129702	
50	0	1	1	30~160	0	0	0	0	【好友】意气相投	0	0	1|3	0	0	31|0|9|31|18|9	1	意气相投真朋友	123759	set:CJSH_fuben_2 image:CJSH_fuben_2_15
51	0	1	1	30~160	1	0	0	0	【好友】意气相投	0	0	1|3	0	0	31|0|9|31|18|9	1	意气相投真朋友	126055	set:CJSH_fuben_2 image:CJSH_fuben_2_15
52	0	1	1	30~160	2	0	0	0	【好友】意气相投	0	0	1|3	0	0	31|0|9|31|18|9	1	意气相投真朋友	129057	set:CJSH_fuben_2 image:CJSH_fuben_2_15
53	0	1	1	30~160	3	0	0	0	【好友】意气相投	0	0	1|3	0	0	31|0|9|31|18|9	1	意气相投真朋友	132055	set:CJSH_fuben_2 image:CJSH_fuben_2_15
54	0	0	1	30~160	0	0	0	1	【队伍】轮回台	0	1	0	1130~1330	0	205|16|9|205|25|7	1	每天一次，经验无限	123712	
55	0	0	1	30~160	0	0	0	1	【队伍】轮回台	0	1	0	2030~2230	0	205|16|9|205|25|7	1	每天一次，经验无限	123712	
56	0	0	1	30~160	1	0	0	1	【队伍】轮回台	0	1	0	1130~1330	0	205|16|9|205|25|7	1	每天一次，经验无限	126011	
57	0	0	1	30~160	1	0	0	1	【队伍】轮回台	0	1	0	2030~2230	0	205|16|9|205|25|7	1	每天一次，经验无限	126011	
58	0	0	1	30~160	2	0	0	1	【队伍】轮回台	0	1	0	1130~1330	0	205|16|9|205|25|7	1	每天一次，经验无限	129009	
59	0	0	1	30~160	2	0	0	1	【队伍】轮回台	0	1	0	2030~2230	0	205|16|9|205|25|7	1	每天一次，经验无限	129009	
60	0	0	1	30~160	3	0	0	1	【队伍】轮回台	0	1	0	1130~1330	0	205|16|9|205|25|7	1	每天一次，经验无限	132011	
61	0	0	1	30~160	3	0	0	1	【队伍】轮回台	0	1	0	2030~2230	0	205|16|9|205|25|7	1	每天一次，经验无限	132011	
62	0	0	1	30~160	0	0	0	0	【队伍】轮回台	0	1	0	0	0	205|16|9|205|25|7	1	每天一次，经验无限	123712	
63	0	0	1	30~160	1	0	0	0	【队伍】轮回台	0	1	0	0	0	205|16|9|205|25|7	1	每天一次，经验无限	126011	
64	0	0	1	30~160	2	0	0	0	【队伍】轮回台	0	1	0	0	0	205|16|9|205|25|7	1	每天一次，经验无限	129009	
65	0	0	1	30~160	3	0	0	0	【队伍】轮回台	0	1	0	0	0	205|16|9|205|25|7	1	每天一次，经验无限	132011	
66	0	0	1	40~160	0	0	0	1	【队伍】十八魔君	0	1	0	2300~2400	0	0	1	珍贵道具由这里产出	123719	
67	0	0	1	40~160	1	0	0	1	【队伍】十八魔君	0	1	0	2300~2400	0	0	1	珍贵道具由这里产出	126016	
68	0	0	1	40~160	2	0	0	1	【队伍】十八魔君	0	1	0	2300~2400	0	0	1	珍贵道具由这里产出	129016	
69	0	0	1	40~160	3	0	0	1	【队伍】十八魔君	0	1	0	2300~2400	0	0	1	珍贵道具由这里产出	132016	
70	0	0	1	50~160	0	0	0	1	【队伍】圣山地宫	0	1	0	0200~0220	0	0	0	使用五耀之力消灭敌人	124539|124540|124541|124542|124543|124544	
71	0	0	1	50~160	1	0	0	1	【队伍】圣山地宫	0	1	0	0200~0220	0	0	0	使用五耀之力消灭敌人	127550|127551|127552|127553|127554|12755	
72	0	0	1	50~160	2	0	0	1	【队伍】圣山地宫	0	1	0	0200~0220	0	0	0	使用五耀之力消灭敌人	130543|130544|130545|130546|130547|130548	
73	0	0	1	50~160	3	0	0	1	【队伍】圣山地宫	0	1	0	0200~0220	0	0	0	使用五耀之力消灭敌人	133539|133540|133541|133542|133543|133544	
74	0	0	1	50~160	0	0	0	1	【队伍】圣山地宫	0	1	0	0600~0620	0	0	0	使用五耀之力消灭敌人	124539|124540|124541|124542|124543|124544	
75	0	0	1	50~160	1	0	0	1	【队伍】圣山地宫	0	1	0	0600~0620	0	0	0	使用五耀之力消灭敌人	127550|127551|127552|127553|127554|12755	
76	0	0	1	50~160	2	0	0	1	【队伍】圣山地宫	0	1	0	0600~0620	0	0	0	使用五耀之力消灭敌人	130543|130544|130545|130546|130547|130548	
77	0	0	1	50~160	3	0	0	1	【队伍】圣山地宫	0	1	0	0600~0620	0	0	0	使用五耀之力消灭敌人	133539|133540|133541|133542|133543|133544	
78	0	0	1	50~160	0	0	0	1	【队伍】圣山地宫	0	1	0	1000~1020	0	0	0	使用五耀之力消灭敌人	124539|124540|124541|124542|124543|124544	
79	0	0	1	50~160	1	0	0	1	【队伍】圣山地宫	0	1	0	1000~1020	0	0	0	使用五耀之力消灭敌人	127550|127551|127552|127553|127554|12755	
80	0	0	1	50~160	2	0	0	1	【队伍】圣山地宫	0	1	0	1000~1020	0	0	0	使用五耀之力消灭敌人	130543|130544|130545|130546|130547|130548	
81	0	0	1	50~160	3	0	0	1	【队伍】圣山地宫	0	1	0	1000~1020	0	0	0	使用五耀之力消灭敌人	133539|133540|133541|133542|133543|133544	
82	0	0	1	50~160	0	0	0	1	【队伍】圣山地宫	0	1	0	1400~1420	0	0	0	使用五耀之力消灭敌人	124539|124540|124541|124542|124543|124544	
83	0	0	1	50~160	1	0	0	1	【队伍】圣山地宫	0	1	0	1400~1420	0	0	0	使用五耀之力消灭敌人	127550|127551|127552|127553|127554|12755	
84	0	0	1	50~160	2	0	0	1	【队伍】圣山地宫	0	1	0	1400~1420	0	0	0	使用五耀之力消灭敌人	130543|130544|130545|130546|130547|130548	
85	0	0	1	50~160	3	0	0	1	【队伍】圣山地宫	0	1	0	1400~1420	0	0	0	使用五耀之力消灭敌人	133539|133540|133541|133542|133543|133544	
86	0	0	1	50~160	0	0	0	1	【队伍】圣山地宫	0	1	0	1800~1820	0	0	0	使用五耀之力消灭敌人	124539|124540|124541|124542|124543|124544	
87	0	0	1	50~160	1	0	0	1	【队伍】圣山地宫	0	1	0	1800~1820	0	0	0	使用五耀之力消灭敌人	127550|127551|127552|127553|127554|12755	
88	0	0	1	50~160	2	0	0	1	【队伍】圣山地宫	0	1	0	1800~1820	0	0	0	使用五耀之力消灭敌人	130543|130544|130545|130546|130547|130548	
89	0	0	1	50~160	3	0	0	1	【队伍】圣山地宫	0	1	0	1800~1820	0	0	0	使用五耀之力消灭敌人	133539|133540|133541|133542|133543|133544	
90	0	0	1	50~160	0	0	0	1	【队伍】圣山地宫	0	1	0	2200~2220	0	0	0	使用五耀之力消灭敌人	124539|124540|124541|124542|124543|124544	
91	0	0	1	50~160	1	0	0	1	【队伍】圣山地宫	0	1	0	2200~2220	0	0	0	使用五耀之力消灭敌人	127550|127551|127552|127553|127554|12755	
92	0	0	1	50~160	2	0	0	1	【队伍】圣山地宫	0	1	0	2200~2220	0	0	0	使用五耀之力消灭敌人	130543|130544|130545|130546|130547|130548	
93	0	0	1	50~160	3	0	0	1	【队伍】圣山地宫	0	1	0	2200~2220	0	0	0	使用五耀之力消灭敌人	133539|133540|133541|133542|133543|133544	
94	0	0	1	50~160	0	0	0	0	【队伍】圣山地宫	0	1	0	0	0	29|0|9|29|20|1	1	使用五耀之力消灭敌人	124539|124540|124541|124542|124543|124544	
95	0	0	1	50~160	1	0	0	0	【队伍】圣山地宫	0	1	0	0	0	29|0|9|29|20|1	1	使用五耀之力消灭敌人	127550|127551|127552|127553|127554|12755	
96	0	0	1	50~160	2	0	0	0	【队伍】圣山地宫	0	1	0	0	0	29|0|9|29|20|1	1	使用五耀之力消灭敌人	130543|130544|130545|130546|130547|130548	
97	0	0	1	50~160	3	0	0	0	【队伍】圣山地宫	0	1	0	0	0	29|0|9|29|20|1	1	使用五耀之力消灭敌人	133539|133540|133541|133542|133543|133544	
98	0	1	1	65~160	0~3	0	0	0	【队伍】钧窑厂	0	0	6|7	0	1	200|16|9|200|25|7	1	带你进入国粹陶瓷的世界	145004	set:CJSH_fuben_2 image:CJSH_fuben_2_10
99	0	1	1	65~160	0~3	0	0	0	【队伍】勾栏曲台	0	0	6|7	0	1	203|16|9|203|25|7	1	带你进入国粹京剧的世界	145004	set:CJSH_fuben_1 image:CJSH_fuben_1_3
100	0	0	1	20~160	0~3	0	0	1	【个人】答题	0	1	0	1920~1930	0	0	2	每日答题，轻松学知识	-1	
101	0	0	1	20~160	0	0	0	1	【个人】天降宝箱	0	1	0	1230~1300	0	0	1	收集宝石吧，经验等着你	123762	
102	0	0	1	20~160	1	0	0	1	【个人】天降宝箱	0	1	0	1230~1300	0	0	1	收集宝石吧，经验等着你	126058	
103	0	0	1	20~160	2	0	0	1	【个人】天降宝箱	0	1	0	1230~1300	0	0	1	收集宝石吧，经验等着你	129060	
104	0	0	1	20~160	3	0	0	1	【个人】天降宝箱	0	1	0	1230~1300	0	0	1	收集宝石吧，经验等着你	132058	
105	0	0	1	20~160	0	0	0	1	【个人】天降宝箱	0	1	0	1930~2000	0	0	1	收集宝石吧，经验等着你	123762	
106	0	0	1	20~160	1	0	0	1	【个人】天降宝箱	0	1	0	1930~2000	0	0	1	收集宝石吧，经验等着你	126058	
107	0	0	1	20~160	2	0	0	1	【个人】天降宝箱	0	1	0	1930~2000	0	0	1	收集宝石吧，经验等着你	129060	
108	0	0	1	20~160	3	0	0	1	【个人】天降宝箱	0	1	0	1930~2000	0	0	1	收集宝石吧，经验等着你	132058	
109	0	0	1	20~160	0	0	0	1	【个人】神兽玄武	0	1	0	1215~1245	0	0	0	累了吗？休息休息吧	123832	
110	0	0	1	20~160	1	0	0	1	【个人】神兽玄武	0	1	0	1215~1245	0	0	0	累了吗？休息休息吧	126132	
111	0	0	1	20~160	2	0	0	1	【个人】神兽玄武	0	1	0	1215~1245	0	0	0	累了吗？休息休息吧	129179	
112	0	0	1	20~160	3	0	0	1	【个人】神兽玄武	0	1	0	1215~1245	0	0	0	累了吗？休息休息吧	132158	
113	0	0	1	20~160	0	0	0	1	【个人】神兽玄武	0	1	0	1415~1445	0	0	0	累了吗？休息休息吧	123832	
114	0	0	1	20~160	1	0	0	1	【个人】神兽玄武	0	1	0	1415~1445	0	0	0	累了吗？休息休息吧	126132	
115	0	0	1	20~160	2	0	0	1	【个人】神兽玄武	0	1	0	1415~1445	0	0	0	累了吗？休息休息吧	129179	
116	0	0	1	20~160	3	0	0	1	【个人】神兽玄武	0	1	0	1415~1445	0	0	0	累了吗？休息休息吧	132158	
117	0	0	1	20~160	0	0	0	1	【个人】神兽玄武	0	1	0	1615~1645	0	0	0	累了吗？休息休息吧	123832	
118	0	0	1	20~160	1	0	0	1	【个人】神兽玄武	0	1	0	1615~1645	0	0	0	累了吗？休息休息吧	126132	
119	0	0	1	20~160	2	0	0	1	【个人】神兽玄武	0	1	0	1615~1645	0	0	0	累了吗？休息休息吧	129179	
120	0	0	1	20~160	3	0	0	1	【个人】神兽玄武	0	1	0	1615~1645	0	0	0	累了吗？休息休息吧	132158	
121	0	0	1	20~160	0	0	0	1	【个人】神兽玄武	0	1	0	1815~1845	0	0	0	累了吗？休息休息吧	123832	
122	0	0	1	20~160	1	0	0	1	【个人】神兽玄武	0	1	0	1815~1845	0	0	0	累了吗？休息休息吧	126132	
123	0	0	1	20~160	2	0	0	1	【个人】神兽玄武	0	1	0	1815~1845	0	0	0	累了吗？休息休息吧	129179	
124	0	0	1	20~160	3	0	0	1	【个人】神兽玄武	0	1	0	1815~1845	0	0	0	累了吗？休息休息吧	132158	
125	0	0	1	40~160	0~3	0	0	1	【体】新铁人三项	0	1	0	1930~2400	0	28|3|9|28|12|11|28|23|9	1	比拼速度的地方	139100	
126	0	1	1	20~160	0	1~10	0	1	【帮会】帮会战场	0	0	2	2000~2020	0	0	1	这是证明帮派实力的机会	123721	set:CJSH_fuben_1 image:CJSH_fuben_1_6
127	0	1	1	20~160	1	1~10	0	1	【帮会】帮会战场	0	0	2	2000~2020	0	0	1	这是证明帮派实力的机会	126018	set:CJSH_fuben_1 image:CJSH_fuben_1_6
128	0	1	1	20~160	2	1~10	0	1	【帮会】帮会战场	0	0	2	2000~2020	0	0	1	这是证明帮派实力的机会	129018	set:CJSH_fuben_1 image:CJSH_fuben_1_6
129	0	1	1	20~160	3	1~10	0	1	【帮会】帮会战场	0	0	2	2000~2020	0	0	1	这是证明帮派实力的机会	132018	set:CJSH_fuben_1 image:CJSH_fuben_1_6
130	0	1	1	20~160	0	1~10	0	1	【帮会】帮会战场	0	0	5	2000~2020	0	0	1	这是证明帮派实力的机会	123721	set:CJSH_fuben_1 image:CJSH_fuben_1_6
131	0	1	1	20~160	1	1~10	0	1	【帮会】帮会战场	0	0	5	2000~2020	0	0	1	这是证明帮派实力的机会	126018	set:CJSH_fuben_1 image:CJSH_fuben_1_6
132	0	1	1	20~160	2	1~10	0	1	【帮会】帮会战场	0	0	5	2000~2020	0	0	1	这是证明帮派实力的机会	129018	set:CJSH_fuben_1 image:CJSH_fuben_1_6
133	0	1	1	20~160	3	1~10	0	1	【帮会】帮会战场	0	0	5	2000~2020	0	0	1	这是证明帮派实力的机会	132018	set:CJSH_fuben_1 image:CJSH_fuben_1_6
134	0	1	1	40~160	0	1~10	0	1	【国家】国王战场	0	0	7	2000~2020	0	0	1	国王，国家的最高荣誉	123724	set:CJSH_fuben_1 image:CJSH_fuben_1_8
135	0	1	1	40~160	1	1~10	0	1	【国家】国王战场	0	0	7	2000~2020	0	0	1	国王，国家的最高荣誉	126021	set:CJSH_fuben_1 image:CJSH_fuben_1_8
136	0	1	1	40~160	2	1~10	0	1	【国家】国王战场	0	0	7	2000~2020	0	0	1	国王，国家的最高荣誉	129021	set:CJSH_fuben_1 image:CJSH_fuben_1_8
137	0	1	1	40~160	3	1~10	0	1	【国家】国王战场	0	0	7	2000~2020	0	0	1	国王，国家的最高荣誉	132021	set:CJSH_fuben_1 image:CJSH_fuben_1_8
138	0	1	1	60~160	0~3	0	0	1	【战场】双人战场	0	0	1|4	2000~2030	0	0	0	和队友并肩作战吧！	140552	set:CJSH_fuben_2 image:CJSH_fuben_2_12
139	0	1	1	60~160	0~3	0	0	1	【战场】双人战场	0	0	7	1355~1600	0	0	0	和队友并肩作战吧！	140552	set:CJSH_fuben_2 image:CJSH_fuben_2_12
140	0	1	1	60~160	0~3	0	0	1	【战场】六人战场	0	0	3	1930~2100	0	0	0	和队友并肩作战吧！	140606	set:CJSH_fuben_2 image:CJSH_fuben_2_11
141	0	0	1	40~160	0	0	0	0	【个人】敌国除奸(天山)	0	1	0	0	0	20|16|9|20|25|7	1	敌国除奸，经验荣誉并存	125501	
142	0	0	1	40~160	0	0	0	0	【个人】敌国刺杀(天山)	0	1	0	0	0	18|16|9|18|25|7	1	敌国刺杀，经验荣誉并存	125503	
143	0	0	1	40~160	0	0	0	0	【个人】敌国情报(天山)	0	1	0	0	0	22|16|9|22|25|7	1	敌国情报，经验荣誉并存	125502	
144	0	0	1	40~160	0	0	0	0	【个人】敌国夺旗(天山)	0	1	0	0	0	24|16|9|24|25|7	1	敌国夺旗，经验荣誉并存	125500	
145	0	0	1	40~160	2	0	0	0	【个人】敌国除奸(天山)	0	1	0	0	0	20|16|9|20|25|7	1	敌国除奸，经验荣誉并存	131503	
146	0	0	1	40~160	2	0	0	0	【个人】敌国刺杀(天山)	0	1	0	0	0	18|16|9|18|25|7	1	敌国刺杀，经验荣誉并存	131505	
147	0	0	1	40~160	2	0	0	0	【个人】敌国情报(天山)	0	1	0	0	0	22|16|9|22|25|7	1	敌国情报，经验荣誉并存	131504	
148	0	0	1	40~160	2	0	0	0	【个人】敌国夺旗(天山)	0	1	0	0	0	24|16|9|24|25|7	1	敌国夺旗，经验荣誉并存	131502	
149	0	0	1	40~160	3	0	0	0	【个人】敌国除奸(天山)	0	1	0	0	0	20|16|9|20|25|7	1	敌国除奸，经验荣誉并存	134503	
150	0	0	1	40~160	3	0	0	0	【个人】敌国刺杀(天山)	0	1	0	0	0	18|16|9|18|25|7	1	敌国刺杀，经验荣誉并存	134505	
151	0	0	1	40~160	3	0	0	0	【个人】敌国情报(天山)	0	1	0	0	0	22|16|9|22|25|7	1	敌国情报，经验荣誉并存	134504	
152	0	0	1	40~160	3	0	0	0	【个人】敌国夺旗(天山)	0	1	0	0	0	24|16|9|24|25|7	1	敌国夺旗，经验荣誉并存	134502	
153	0	0	1	40~160	0	0	0	0	【个人】敌国除奸(昆仑)	0	1	0	0	0	21|0|9|21|9|7	1	敌国除奸，经验荣誉并存	125501	
154	0	0	1	40~160	0	0	0	0	【个人】敌国刺杀(昆仑)	0	1	0	0	0	19|0|9|19|9|7	1	敌国刺杀，经验荣誉并存	125503	
155	0	0	1	40~160	0	0	0	0	【个人】敌国情报(昆仑)	0	1	0	0	0	23|0|9|23|9|7	1	敌国情报，经验荣誉并存	125502	
156	0	0	1	40~160	0	0	0	0	【个人】敌国夺旗(昆仑)	0	1	0	0	0	25|0|9|25|9|7	1	敌国夺旗，经验荣誉并存	125500	
157	0	0	1	40~160	1	0	0	0	【个人】敌国除奸(昆仑)	0	1	0	0	0	21|0|9|21|9|7	1	敌国除奸，经验荣誉并存	128503	
158	0	0	1	40~160	1	0	0	0	【个人】敌国刺杀(昆仑)	0	1	0	0	0	19|0|9|19|9|7	1	敌国刺杀，经验荣誉并存	128505	
159	0	0	1	40~160	1	0	0	0	【个人】敌国情报(昆仑)	0	1	0	0	0	23|0|9|23|9|7	1	敌国情报，经验荣誉并存	128504	
160	0	0	1	40~160	1	0	0	0	【个人】敌国夺旗(昆仑)	0	1	0	0	0	25|0|9|25|9|7	1	敌国夺旗，经验荣誉并存	128502	
161	0	0	1	40~160	3	0	0	0	【个人】敌国除奸(昆仑)	0	1	0	0	0	21|0|9|21|9|7	1	敌国除奸，经验荣誉并存	134503	
162	0	0	1	40~160	3	0	0	0	【个人】敌国刺杀(昆仑)	0	1	0	0	0	19|0|9|19|9|7	1	敌国刺杀，经验荣誉并存	134505	
163	0	0	1	40~160	3	0	0	0	【个人】敌国情报(昆仑)	0	1	0	0	0	23|0|9|23|9|7	1	敌国情报，经验荣誉并存	134504	
164	0	0	1	40~160	3	0	0	0	【个人】敌国夺旗(昆仑)	0	1	0	0	0	25|0|9|25|9|7	1	敌国夺旗，经验荣誉并存	134502	
165	0	0	1	40~160	0	0	0	0	【个人】敌国除奸(敦煌)	0	1	0	0	0	21|16|9|21|25|7	1	敌国除奸，经验荣誉并存	125501	
166	0	0	1	40~160	0	0	0	0	【个人】敌国刺杀(敦煌)	0	1	0	0	0	19|16|9|19|25|7	1	敌国刺杀，经验荣誉并存	125503	
167	0	0	1	40~160	0	0	0	0	【个人】敌国情报(敦煌)	0	1	0	0	0	23|16|9|23|25|7	1	敌国情报，经验荣誉并存	125502	
168	0	0	1	40~160	0	0	0	0	【个人】敌国夺旗(敦煌)	0	1	0	0	0	25|16|9|25|25|7	1	敌国夺旗，经验荣誉并存	125500	
169	0	0	1	40~160	1	0	0	0	【个人】敌国除奸(敦煌)	0	1	0	0	0	21|16|9|21|25|7	1	敌国除奸，经验荣誉并存	128503	
170	0	0	1	40~160	1	0	0	0	【个人】敌国刺杀(敦煌)	0	1	0	0	0	19|16|9|19|25|7	1	敌国刺杀，经验荣誉并存	128505	
171	0	0	1	40~160	1	0	0	0	【个人】敌国情报(敦煌)	0	1	0	0	0	23|16|9|23|25|7	1	敌国情报，经验荣誉并存	128504	
172	0	0	1	40~160	1	0	0	0	【个人】敌国夺旗(敦煌)	0	1	0	0	0	25|16|9|25|25|7	1	敌国夺旗，经验荣誉并存	128502	
173	0	0	1	40~160	2	0	0	0	【个人】敌国除奸(敦煌)	0	1	0	0	0	21|16|9|21|25|7	1	敌国除奸，经验荣誉并存	131503	
174	0	0	1	40~160	2	0	0	0	【个人】敌国刺杀(敦煌)	0	1	0	0	0	19|16|9|19|25|7	1	敌国刺杀，经验荣誉并存	131505	
175	0	0	1	40~160	2	0	0	0	【个人】敌国情报(敦煌)	0	1	0	0	0	23|16|9|23|25|7	1	敌国情报，经验荣誉并存	131504	
176	0	0	1	40~160	2	0	0	0	【个人】敌国夺旗(敦煌)	0	1	0	0	0	25|16|9|25|25|7	1	敌国夺旗，经验荣誉并存	131502	
177	999	0	1	30~160	0	0	0	0	【个人】国运令	0	1	0	0	0	0	1	王国押运	123767	
178	999	0	1	30~160	1	0	0	0	【个人】国运令	0	1	0	0	0	0	1	王国押运	126063	
179	999	0	1	30~160	2	0	0	0	【个人】国运令	0	1	0	0	0	0	1	王国押运	129066	
180	999	0	1	30~160	3	0	0	0	【个人】国运令	0	1	0	0	0	0	1	王国押运	132063	
181	888	0	1	40~160	0	0	0	0	【个人】出国令	0	1	0	0	0	0	1	玉门关御边统领	125503	
182	888	0	1	40~160	1	0	0	0	【个人】出国令	0	1	0	0	0	0	1	玉门关御边统领	128505	
183	888	0	1	40~160	2	0	0	0	【个人】出国令	0	1	0	0	0	0	1	玉门关御边统领	131505	
184	888	0	1	40~160	3	0	0	0	【个人】出国令	0	1	0	0	0	0	1	玉门关御边统领	134505	
185	666	0	1	100~160	0~3	0	0	0	【个人】天行令	0	1	0	0	0	0	1	飞天	-1	
186	0	0	1	50~160	0~3	0	0	0	【个人】仕官晋级	0	1	0	0	0	82|12|9|82|21|5	15	文韬武略，仕官晋级！	139140	
187	0	0	1	40~160	0~3	0	0	0	【个人】每日新鲜事儿	0	1	0	0	0	94|0|9|94|9|2	3	天下大事，一手掌握	140417	
188	0	0	1	40~160	0~3	0	0	1	【德】益者三友	0	1	0	1930~2400	0	43|20|9|0|0|0	1	君子爱财，取之有道	139129	
189	0	0	1	40~160	0~3	0	0	1	【智】天坛灯谜会	0	1	0	1930~2400	0	215|0|9|215|9|5	1	猜灯谜，得奖励	139133	
190	0	0	1	40~160	0~3	0	0	1	【美】大都美丽会	0	1	0	2300~0900	0	15|23|9	0	跳舞吧，让自己完全放松	139104	
191	0	1	1	20~160	0	0	0	1	【个人】乌龙辞典	0	0	7	1300~1400	0	225|0|9|225|12|5	1	乌龙辞典，开心周末	141536	set:CJSH_fuben_2 image:CJSH_fuben_2_13
192	0	1	1	20~160	1	0	0	1	【个人】乌龙辞典	0	0	7	1300~1400	0	225|0|9|225|12|5	1	乌龙辞典，开心周末	141537	set:CJSH_fuben_2 image:CJSH_fuben_2_13
193	0	1	1	20~160	2	0	0	1	【个人】乌龙辞典	0	0	7	1300~1400	0	225|0|9|225|12|5	1	乌龙辞典，开心周末	141538	set:CJSH_fuben_2 image:CJSH_fuben_2_13
194	0	1	1	20~160	3	0	0	1	【个人】乌龙辞典	0	0	7	1300~1400	0	225|0|9|225|12|5	1	乌龙辞典，开心周末	141539	set:CJSH_fuben_2 image:CJSH_fuben_2_13
195	0	0	1	70~160	0	0	0	0	【个人】四国争霸	0	1	0	0	0	56|0|9|0|0|0	1	四国争霸	142600	
196	0	0	1	70~160	2	0	0	0	【个人】四国争霸	0	1	0	0	0	56|0|9|0|0|0	1	四国争霸	142601	
197	0	0	1	70~160	1	0	0	0	【个人】四国争霸	0	1	0	0	0	56|0|9|0|0|0	1	四国争霸	142602	
198	0	0	1	70~160	3	0	0	0	【个人】四国争霸	0	1	0	0	0	56|0|9|0|0|0	1	四国争霸	142603	
199	0	1	1	60~160	0	0	0	1	【队伍】海都大王	0	0	6	2300~2400	0		0	击败所有的十八魔君	123719	set:CJSH_fuben_2 image:CJSH_fuben_2_14
200	0	1	1	60~160	1	0	0	1	【队伍】海都大王	0	0	6	2300~2400	0		0	击败所有的十八魔君	126016	set:CJSH_fuben_2 image:CJSH_fuben_2_14
201	0	1	1	60~160	2	0	0	1	【队伍】海都大王	0	0	6	2300~2400	0		0	击败所有的十八魔君	129016	set:CJSH_fuben_2 image:CJSH_fuben_2_14
202	0	1	1	60~160	3	0	0	1	【队伍】海都大王	0	0	6	2300~2400	0		0	击败所有的十八魔君	132016	set:CJSH_fuben_2 image:CJSH_fuben_2_14
203	0	0	1	25~160	0	0	0	0	【个人】弱国任务	0	1	0	0	1	59|0|16|59|16|7	3	弱国专用每周一轮（3次）	123724	
204	0	0	1	25~160	1	0	0	0	【个人】弱国任务	0	1	0	0	1	59|0|16|59|16|7	3	弱国专用每周一轮（3次）	126021	
205	0	0	1	25~160	2	0	0	0	【个人】弱国任务	0	1	0	0	1	59|0|16|59|16|7	3	弱国专用每周一轮（3次）	129021	
206	0	0	1	25~160	3	0	0	0	【个人】弱国任务	0	1	0	0	1	59|0|16|59|16|7	3	弱国专用每周一轮（3次）	132021	
207	0	0	1	40~160	0	1~10	0	0	【帮会】帮会图腾	0	1	0	0	0	14|16|9|14|25|7	1	去采集神像吧	123723	
208	0	0	1	40~160	1	1~10	0	0	【帮会】帮会图腾	0	1	0	0	0	14|16|9|14|25|7	1	去采集神像吧	126020	
209	0	0	1	40~160	2	1~10	0	0	【帮会】帮会图腾	0	1	0	0	0	14|16|9|14|25|7	1	去采集神像吧	129020	
210	0	0	1	40~160	3	1~10	0	0	【帮会】帮会图腾	0	1	0	0	0	14|16|9|14|25|7	1	去采集神像吧	132020	
211	0	0	1	40~100	0	1~10	0	0	【帮会】帮会除魔	0	1	0	0	0	14|0|9|14|25|7	1	去消灭恶魔吧	123723	
212	0	0	1	40~100	1	1~10	0	0	【帮会】帮会除魔	0	1	0	0	0	14|0|9|14|25|7	1	去消灭恶魔吧	126020	
213	0	0	1	40~100	2	1~10	0	0	【帮会】帮会除魔	0	1	0	0	0	14|0|9|14|25|7	1	去消灭恶魔吧	129020	
214	0	0	1	40~100	3	1~10	0	0	【帮会】帮会除魔	0	1	0	0	0	14|0|9|14|25|7	1	去消灭恶魔吧	132020	
215	29	0	1	20~160	0	0	0	0	【帮会】护兽令	0	1	0	0	0	0	1	帮会护兽	123723	
216	29	0	1	20~160	1	0	0	0	【帮会】护兽令	0	1	0	0	0	0	1	帮会护兽	126020	
217	29	0	1	20~160	2	0	0	0	【帮会】护兽令	0	1	0	0	0	0	1	帮会护兽	129020	
218	29	0	1	20~160	3	0	0	0	【帮会】护兽令	0	1	0	0	0	0	1	帮会护兽	132020	
219	30	0	1	20~160	0	0	0	0	【帮会】图腾令	0	1	0	0	0	0	1	帮会护兽	123723	
220	30	0	1	20~160	1	0	0	0	【帮会】图腾令	0	1	0	0	0	0	1	帮会护兽	126020	
221	30	0	1	20~160	2	0	0	0	【帮会】图腾令	0	1	0	0	0	0	1	帮会护兽	129020	
222	30	0	1	20~160	3	0	0	0	【帮会】图腾令	0	1	0	0	0	0	1	帮会护兽	132020	
223	31	0	1	20~160	0	0	0	0	【帮会】暗战令	0	1	0	0	0	0	1	帮会护兽	123723	
224	31	0	1	20~160	1	0	0	0	【帮会】暗战令	0	1	0	0	0	0	1	帮会护兽	126020	
225	31	0	1	20~160	2	0	0	0	【帮会】暗战令	0	1	0	0	0	0	1	帮会护兽	129020	
226	31	0	1	20~160	3	0	0	0	【帮会】暗战令	0	1	0	0	0	0	1	帮会护兽	132020	
227	32	0	1	20~160	0	0	0	0	【帮会】除魔令	0	1	0	0	0	0	1	帮会护兽	123723	
228	32	0	1	20~160	1	0	0	0	【帮会】除魔令	0	1	0	0	0	0	1	帮会护兽	126020	
229	32	0	1	20~160	2	0	0	0	【帮会】除魔令	0	1	0	0	0	0	1	帮会护兽	129020	
230	32	0	1	20~160	3	0	0	0	【帮会】除魔令	0	1	0	0	0	0	1	帮会护兽	132020	
231	33	0	1	20~160	0	0	0	0	【帮会】募集令	0	1	0	0	0	0	1	帮会护兽	123723	
232	33	0	1	20~160	1	0	0	0	【帮会】募集令	0	1	0	0	0	0	1	帮会护兽	126020	
233	33	0	1	20~160	2	0	0	0	【帮会】募集令	0	1	0	0	0	0	1	帮会护兽	129020	
234	33	0	1	20~160	3	0	0	0	【帮会】募集令	0	1	0	0	0	0	1	帮会护兽	132020	
235	0	1	1	60~160	0	0	0	0	【国家】领取津贴	0	0	7	0	0	0	1	津贴发放日	123704	set:CJSH_item_jinshuding_1 image:CJSH_item_jinshuding_1_2
236	0	1	1	60~160	1	0	0	0	【国家】领取津贴	0	0	7	0	0	0	1	津贴发放日	126004	set:CJSH_item_jinshuding_1 image:CJSH_item_jinshuding_1_2
237	0	1	1	60~160	2	0	0	0	【国家】领取津贴	0	0	7	0	0	0	1	津贴发放日	129001	set:CJSH_item_jinshuding_1 image:CJSH_item_jinshuding_1_2
238	0	1	1	60~160	3	0	0	0	【国家】领取津贴	0	0	7	0	0	0	1	津贴发放日	132004	set:CJSH_item_jinshuding_1 image:CJSH_item_jinshuding_1_2
239	0	1	1	60~160	0~3	0	0	1	【队伍】莫斯科大公	0	0	7	2100~2200	0	0	1	前往莫斯科消灭他！	101126	set:CJSH_fuben_1 image:CJSH_fuben_1_16
240	0	0	1	75~160	0	0	0	0	【个人】军需武备	0	1	0	0	1	101|18|12|64|9|7	1	海量经验，每周一轮	123827	
241	0	0	1	75~160	1	0	0	0	【个人】军需武备	0	1	0	0	1	101|18|12|64|9|7	1	海量经验，每周一轮	126128	
242	0	0	1	75~160	2	0	0	0	【个人】军需武备	0	1	0	0	1	101|18|12|64|9|7	1	海量经验，每周一轮	129173	
243	0	0	1	75~160	3	0	0	0	【个人】军需武备	0	1	0	0	1	101|18|12|64|9|7	1	海量经验，每周一轮	132153	
244	0	0	1	70~160	0	0	0	0	【个人】战车护送	0	1	0	0	0	81|0|9|80|24|7	3	风险与经验并存	123774	
245	0	0	1	70~160	1	0	0	0	【个人】战车护送	0	1	0	0	0	81|0|9|80|24|7	3	风险与经验并存	126131	
246	0	0	1	70~160	2	0	0	0	【个人】战车护送	0	1	0	0	0	81|0|9|80|24|7	3	风险与经验并存	129073	
247	0	0	1	70~160	3	0	0	0	【个人】战车护送	0	1	0	0	0	81|0|9|80|24|7	3	风险与经验并存	132157	
248	0	1	1	1~160	0	0	0	0	【挑战赛】智力竞赛	10	1	11~17	0	0	0	0	比拼才智的平台	123831	set:CJSH_quest_gaoshi_1 image:CJSH_quest_gaoshi_1_14
249	0	1	1	1~160	0	0	0	0	【挑战赛】轮回台	10	1	18~24	0	0	0	0	拭目以待，轮回台之王	123831	set:CJSH_quest_gaoshi_1 image:CJSH_quest_gaoshi_1_5
250	0	1	1	1~160	0	0	0	0	【挑战赛】玫瑰	10	1	25~31	0	0	0	0	展现浪漫的平台	123831	set:CJSH_quest_gaoshi_1 image:CJSH_quest_gaoshi_1_12
251	0	1	1	1~160	0	0	0	0	【挑战赛】大教堂	11	1	1~7	0	0	0	0	拭目以待，大教堂之王	123831	set:CJSH_quest_gaoshi_1 image:CJSH_quest_gaoshi_1_14
252	0	1	1	1~160	0	0	0	0	【挑战赛】神龙宝藏	11	1	8~14	0	0	0	0	拭目以待，神龙宝藏之王	123831	set:CJSH_quest_gaoshi_1 image:CJSH_quest_gaoshi_1_16
253	0	1	1	1~160	0	0	0	0	【挑战赛】囚龙岛	11	1	15~21	0	0	0	0	拭目以待，囚龙岛之王	123831	set:CJSH_quest_gaoshi_1 image:CJSH_quest_gaoshi_1_7
254	0	1	1	1~160	0	0	0	0	【挑战赛】屠龙	11	1	22~28	0	0	0	0	屠龙勇士，万人敬仰	123831	set:CJSH_quest_gaoshi_1 image:CJSH_quest_gaoshi_1_13
255	0	1	1	1~160	0	0	0	0	【挑战赛】和氏璧	11	1	29~30	0	0	0	0	拭目以待，和氏璧之王	123831	set:CJSH_quest_gaoshi_1 image:CJSH_quest_gaoshi_1_8
256	0	1	1	1~160	0	0	0	0	【挑战赛】和氏璧	12	1	1~5	0	0	0	0	拭目以待，和氏璧之王	123831	set:CJSH_quest_gaoshi_1 image:CJSH_quest_gaoshi_1_8
257	0	1	1	1~160	0	0	0	0	【挑战赛】小喇叭	12	1	6~12	0	0	0	0	表现自我，尽展风采	123831	set:CJSH_quest_gaoshi_1 image:CJSH_quest_gaoshi_1_14
258	0	1	1	1~160	0	0	0	0	【挑战赛】赤血号	12	1	13~19	0	0	0	0	拭目以待，赤血号之王	123831	set:CJSH_quest_gaoshi_1 image:CJSH_quest_gaoshi_1_6
259	0	1	1	1~160	0	0	0	0	【挑战赛】杀敌	12	1	20~26	0	0	0	0	国家的英雄，在世战神	123831	set:CJSH_quest_gaoshi_1 image:CJSH_quest_gaoshi_1_10
260	0	1	1	1~160	0	0	0	0	【挑战赛】祝家庄	12	1	27~31	0	0	0	0	拭目以待，祝家庄之王	123831	set:CJSH_quest_gaoshi_1 image:CJSH_quest_gaoshi_1_9
261	0	1	1	1~160	0	0	0	0	【挑战赛】祝家庄	1	1	1~2	0	0	0	0	拭目以待，祝家庄之王	123831	set:CJSH_quest_gaoshi_1 image:CJSH_quest_gaoshi_1_9
262	0	1	1	1~160	0	0	0	0	【挑战赛】战场等级	1	1	3~9	0	0	0	0	拭目以待，战场之王	123831	set:CJSH_quest_gaoshi_1 image:CJSH_quest_gaoshi_1_11
263	0	1	1	1~160	0	0	0	0	【挑战赛】夏王墓	1	1	10~16	0	0	0	0	拭目以待，夏王墓之王	123831	set:CJSH_quest_gaoshi_1 image:CJSH_quest_gaoshi_1_6
264	0	1	1	1~160	0	0	0	0	【挑战赛】放烟花	1	1	17~23	0	0	0	0	绚丽烟花，五彩缤纷	123831	set:CJSH_quest_gaoshi_1 image:CJSH_quest_gaoshi_1_15
265	0	1	1	1~160	0	0	0	0	【挑战赛】印度河	1	1	24~30	0	0	0	0	拭目以待，印度河之王	123831	set:CJSH_quest_gaoshi_1 image:CJSH_quest_gaoshi_1_13
266	0	1	1	1~160	0	0	0	0	【挑战赛】智力竞赛	1	1	31	0	0	0	0	比拼才智的平台	123831	set:CJSH_quest_gaoshi_1 image:CJSH_quest_gaoshi_1_14
267	0	1	1	1~160	0	0	0	0	【挑战赛】智力竞赛	2	1	1~6	0	0	0	0	比拼才智的平台	123831	set:CJSH_quest_gaoshi_1 image:CJSH_quest_gaoshi_1_14
268	0	1	1	1~160	0	0	0	0	【挑战赛】轮回台	2	1	7~13	0	0	0	0	拭目以待，轮回台之王	123831	set:CJSH_quest_gaoshi_1 image:CJSH_quest_gaoshi_1_5
269	0	1	1	1~160	0	0	0	0	【挑战赛】玫瑰	2	1	14~20	0	0	0	0	展现浪漫的平台	123831	set:CJSH_quest_gaoshi_1 image:CJSH_quest_gaoshi_1_12
270	0	1	1	1~160	0	0	0	0	【挑战赛】大教堂	2	1	21~27	0	0	0	0	拭目以待，大教堂之王	123831	set:CJSH_quest_gaoshi_1 image:CJSH_quest_gaoshi_1_14
271	0	1	1	1~160	0	0	0	0	【挑战赛】神龙宝藏	2	1	28	0	0	0	0	拭目以待，神龙宝藏之王	123831	set:CJSH_quest_gaoshi_1 image:CJSH_quest_gaoshi_1_16
272	0	1	1	1~160	0	0	0	0	【挑战赛】神龙宝藏	3	1	1~6	0	0	0	0	拭目以待，神龙宝藏之王	123831	set:CJSH_quest_gaoshi_1 image:CJSH_quest_gaoshi_1_16
273	0	1	1	1~160	0	0	0	0	【挑战赛】囚龙岛	3	1	7~13	0	0	0	0	拭目以待，囚龙岛之王	123831	set:CJSH_quest_gaoshi_1 image:CJSH_quest_gaoshi_1_7
274	0	1	1	1~160	0	0	0	0	【挑战赛】屠龙	3	1	14~20	0	0	0	0	屠龙勇士，万人敬仰	123831	set:CJSH_quest_gaoshi_1 image:CJSH_quest_gaoshi_1_13
275	0	1	1	1~160	0	0	0	0	【挑战赛】和氏璧	3	1	21~27	0	0	0	0	拭目以待，和氏璧之王	123831	set:CJSH_quest_gaoshi_1 image:CJSH_quest_gaoshi_1_8
276	0	1	1	1~160	0	0	0	0	【挑战赛】小喇叭	3	1	28~31	0	0	0	0	表现自我，尽展风采	123831	set:CJSH_quest_gaoshi_1 image:CJSH_quest_gaoshi_1_14
277	0	1	1	1~160	0	0	0	0	【挑战赛】小喇叭	4	1	1~3	0	0	0	0	表现自我，尽展风采	123831	set:CJSH_quest_gaoshi_1 image:CJSH_quest_gaoshi_1_14
278	0	1	1	1~160	0	0	0	0	【挑战赛】赤血号	4	1	4~10	0	0	0	0	拭目以待，赤血号之王	123831	set:CJSH_quest_gaoshi_1 image:CJSH_quest_gaoshi_1_6
279	0	1	1	1~160	0	0	0	0	【挑战赛】杀敌	4	1	11~17	0	0	0	0	国家的英雄，在世战神	123831	set:CJSH_quest_gaoshi_1 image:CJSH_quest_gaoshi_1_10
280	0	1	1	1~160	0	0	0	0	【挑战赛】祝家庄	4	1	18~24	0	0	0	0	拭目以待，祝家庄之王	123831	set:CJSH_quest_gaoshi_1 image:CJSH_quest_gaoshi_1_9
281	0	1	1	1~160	0	0	0	0	【挑战赛】战场等级	4	1	25~30	0	0	0	0	拭目以待，战场之王	123831	set:CJSH_quest_gaoshi_1 image:CJSH_quest_gaoshi_1_11
282	0	1	1	1~160	1	0	0	0	【挑战赛】智力竞赛	10	1	11~17	0	0	0	0	比拼才智的平台	126070	set:CJSH_quest_gaoshi_1 image:CJSH_quest_gaoshi_1_14
283	0	1	1	1~160	1	0	0	0	【挑战赛】轮回台	10	1	18~24	0	0	0	0	拭目以待，轮回台之王	126070	set:CJSH_quest_gaoshi_1 image:CJSH_quest_gaoshi_1_5
284	0	1	1	1~160	1	0	0	0	【挑战赛】玫瑰	10	1	25~31	0	0	0	0	展现浪漫的平台	126070	set:CJSH_quest_gaoshi_1 image:CJSH_quest_gaoshi_1_12
285	0	1	1	1~160	1	0	0	0	【挑战赛】大教堂	11	1	1~7	0	0	0	0	拭目以待，大教堂之王	126070	set:CJSH_quest_gaoshi_1 image:CJSH_quest_gaoshi_1_14
286	0	1	1	1~160	1	0	0	0	【挑战赛】神龙宝藏	11	1	8~14	0	0	0	0	拭目以待，神龙宝藏之王	126070	set:CJSH_quest_gaoshi_1 image:CJSH_quest_gaoshi_1_16
287	0	1	1	1~160	1	0	0	0	【挑战赛】囚龙岛	11	1	15~21	0	0	0	0	拭目以待，囚龙岛之王	126070	set:CJSH_quest_gaoshi_1 image:CJSH_quest_gaoshi_1_7
288	0	1	1	1~160	1	0	0	0	【挑战赛】屠龙	11	1	22~28	0	0	0	0	屠龙勇士，万人敬仰	126070	set:CJSH_quest_gaoshi_1 image:CJSH_quest_gaoshi_1_13
289	0	1	1	1~160	1	0	0	0	【挑战赛】和氏璧	11	1	29~30	0	0	0	0	拭目以待，和氏璧之王	126070	set:CJSH_quest_gaoshi_1 image:CJSH_quest_gaoshi_1_8
290	0	1	1	1~160	1	0	0	0	【挑战赛】和氏璧	12	1	1~5	0	0	0	0	拭目以待，和氏璧之王	126070	set:CJSH_quest_gaoshi_1 image:CJSH_quest_gaoshi_1_8
291	0	1	1	1~160	1	0	0	0	【挑战赛】小喇叭	12	1	6~12	0	0	0	0	表现自我，尽展风采	126070	set:CJSH_quest_gaoshi_1 image:CJSH_quest_gaoshi_1_14
292	0	1	1	1~160	1	0	0	0	【挑战赛】赤血号	12	1	13~19	0	0	0	0	拭目以待，赤血号之王	126070	set:CJSH_quest_gaoshi_1 image:CJSH_quest_gaoshi_1_6
293	0	1	1	1~160	1	0	0	0	【挑战赛】杀敌	12	1	20~26	0	0	0	0	国家的英雄，在世战神	126070	set:CJSH_quest_gaoshi_1 image:CJSH_quest_gaoshi_1_10
294	0	1	1	1~160	1	0	0	0	【挑战赛】祝家庄	12	1	27~31	0	0	0	0	拭目以待，祝家庄之王	126070	set:CJSH_quest_gaoshi_1 image:CJSH_quest_gaoshi_1_9
295	0	1	1	1~160	1	0	0	0	【挑战赛】祝家庄	1	1	1~2	0	0	0	0	拭目以待，祝家庄之王	126070	set:CJSH_quest_gaoshi_1 image:CJSH_quest_gaoshi_1_9
296	0	1	1	1~160	1	0	0	0	【挑战赛】战场等级	1	1	3~9	0	0	0	0	拭目以待，战场之王	126070	set:CJSH_quest_gaoshi_1 image:CJSH_quest_gaoshi_1_11
297	0	1	1	1~160	1	0	0	0	【挑战赛】夏王墓	1	1	10~16	0	0	0	0	拭目以待，夏王墓之王	126070	set:CJSH_quest_gaoshi_1 image:CJSH_quest_gaoshi_1_6
298	0	1	1	1~160	1	0	0	0	【挑战赛】放烟花	1	1	17~23	0	0	0	0	绚丽烟花，五彩缤纷	126070	set:CJSH_quest_gaoshi_1 image:CJSH_quest_gaoshi_1_15
299	0	1	1	1~160	1	0	0	0	【挑战赛】印度河	1	1	24~30	0	0	0	0	拭目以待，印度河之王	126070	set:CJSH_quest_gaoshi_1 image:CJSH_quest_gaoshi_1_13
300	0	1	1	1~160	1	0	0	0	【挑战赛】智力竞赛	1	1	31	0	0	0	0	比拼才智的平台	126070	set:CJSH_quest_gaoshi_1 image:CJSH_quest_gaoshi_1_14
301	0	1	1	1~160	1	0	0	0	【挑战赛】智力竞赛	2	1	1~6	0	0	0	0	比拼才智的平台	126070	set:CJSH_quest_gaoshi_1 image:CJSH_quest_gaoshi_1_14
302	0	1	1	1~160	1	0	0	0	【挑战赛】轮回台	2	1	7~13	0	0	0	0	拭目以待，轮回台之王	126070	set:CJSH_quest_gaoshi_1 image:CJSH_quest_gaoshi_1_5
303	0	1	1	1~160	1	0	0	0	【挑战赛】玫瑰	2	1	14~20	0	0	0	0	展现浪漫的平台	126070	set:CJSH_quest_gaoshi_1 image:CJSH_quest_gaoshi_1_12
304	0	1	1	1~160	1	0	0	0	【挑战赛】大教堂	2	1	21~27	0	0	0	0	拭目以待，大教堂之王	126070	set:CJSH_quest_gaoshi_1 image:CJSH_quest_gaoshi_1_14
305	0	1	1	1~160	1	0	0	0	【挑战赛】神龙宝藏	2	1	28	0	0	0	0	拭目以待，神龙宝藏之王	126070	set:CJSH_quest_gaoshi_1 image:CJSH_quest_gaoshi_1_16
306	0	1	1	1~160	1	0	0	0	【挑战赛】神龙宝藏	3	1	1~6	0	0	0	0	拭目以待，神龙宝藏之王	126070	set:CJSH_quest_gaoshi_1 image:CJSH_quest_gaoshi_1_16
307	0	1	1	1~160	1	0	0	0	【挑战赛】囚龙岛	3	1	7~13	0	0	0	0	拭目以待，囚龙岛之王	126070	set:CJSH_quest_gaoshi_1 image:CJSH_quest_gaoshi_1_7
308	0	1	1	1~160	1	0	0	0	【挑战赛】屠龙	3	1	14~20	0	0	0	0	屠龙勇士，万人敬仰	126070	set:CJSH_quest_gaoshi_1 image:CJSH_quest_gaoshi_1_13
309	0	1	1	1~160	1	0	0	0	【挑战赛】和氏璧	3	1	21~27	0	0	0	0	拭目以待，和氏璧之王	126070	set:CJSH_quest_gaoshi_1 image:CJSH_quest_gaoshi_1_8
310	0	1	1	1~160	1	0	0	0	【挑战赛】小喇叭	3	1	28~31	0	0	0	0	表现自我，尽展风采	126070	set:CJSH_quest_gaoshi_1 image:CJSH_quest_gaoshi_1_14
311	0	1	1	1~160	1	0	0	0	【挑战赛】小喇叭	4	1	1~3	0	0	0	0	表现自我，尽展风采	126070	set:CJSH_quest_gaoshi_1 image:CJSH_quest_gaoshi_1_14
312	0	1	1	1~160	1	0	0	0	【挑战赛】赤血号	4	1	4~10	0	0	0	0	拭目以待，赤血号之王	126070	set:CJSH_quest_gaoshi_1 image:CJSH_quest_gaoshi_1_6
313	0	1	1	1~160	1	0	0	0	【挑战赛】杀敌	4	1	11~17	0	0	0	0	国家的英雄，在世战神	126070	set:CJSH_quest_gaoshi_1 image:CJSH_quest_gaoshi_1_10
314	0	1	1	1~160	1	0	0	0	【挑战赛】祝家庄	4	1	18~24	0	0	0	0	拭目以待，祝家庄之王	126070	set:CJSH_quest_gaoshi_1 image:CJSH_quest_gaoshi_1_9
315	0	1	1	1~160	1	0	0	0	【挑战赛】战场等级	4	1	25~30	0	0	0	0	拭目以待，战场之王	126070	set:CJSH_quest_gaoshi_1 image:CJSH_quest_gaoshi_1_11
316	0	1	1	1~160	2	0	0	0	【挑战赛】智力竞赛	10	1	11~17	0	0	0	0	比拼才智的平台	129176	set:CJSH_quest_gaoshi_1 image:CJSH_quest_gaoshi_1_14
317	0	1	1	1~160	2	0	0	0	【挑战赛】轮回台	10	1	18~24	0	0	0	0	拭目以待，轮回台之王	129176	set:CJSH_quest_gaoshi_1 image:CJSH_quest_gaoshi_1_5
318	0	1	1	1~160	2	0	0	0	【挑战赛】玫瑰	10	1	25~31	0	0	0	0	展现浪漫的平台	129176	set:CJSH_quest_gaoshi_1 image:CJSH_quest_gaoshi_1_12
319	0	1	1	1~160	2	0	0	0	【挑战赛】大教堂	11	1	1~7	0	0	0	0	拭目以待，大教堂之王	129176	set:CJSH_quest_gaoshi_1 image:CJSH_quest_gaoshi_1_14
320	0	1	1	1~160	2	0	0	0	【挑战赛】神龙宝藏	11	1	8~14	0	0	0	0	拭目以待，神龙宝藏之王	129176	set:CJSH_quest_gaoshi_1 image:CJSH_quest_gaoshi_1_16
321	0	1	1	1~160	2	0	0	0	【挑战赛】囚龙岛	11	1	15~21	0	0	0	0	拭目以待，囚龙岛之王	129176	set:CJSH_quest_gaoshi_1 image:CJSH_quest_gaoshi_1_7
322	0	1	1	1~160	2	0	0	0	【挑战赛】屠龙	11	1	22~28	0	0	0	0	屠龙勇士，万人敬仰	129176	set:CJSH_quest_gaoshi_1 image:CJSH_quest_gaoshi_1_13
323	0	1	1	1~160	2	0	0	0	【挑战赛】和氏璧	11	1	29~30	0	0	0	0	拭目以待，和氏璧之王	129176	set:CJSH_quest_gaoshi_1 image:CJSH_quest_gaoshi_1_8
324	0	1	1	1~160	2	0	0	0	【挑战赛】和氏璧	12	1	1~5	0	0	0	0	拭目以待，和氏璧之王	129176	set:CJSH_quest_gaoshi_1 image:CJSH_quest_gaoshi_1_8
325	0	1	1	1~160	2	0	0	0	【挑战赛】小喇叭	12	1	6~12	0	0	0	0	表现自我，尽展风采	129176	set:CJSH_quest_gaoshi_1 image:CJSH_quest_gaoshi_1_14
326	0	1	1	1~160	2	0	0	0	【挑战赛】赤血号	12	1	13~19	0	0	0	0	拭目以待，赤血号之王	129176	set:CJSH_quest_gaoshi_1 image:CJSH_quest_gaoshi_1_6
327	0	1	1	1~160	2	0	0	0	【挑战赛】杀敌	12	1	20~26	0	0	0	0	国家的英雄，在世战神	129176	set:CJSH_quest_gaoshi_1 image:CJSH_quest_gaoshi_1_10
328	0	1	1	1~160	2	0	0	0	【挑战赛】祝家庄	12	1	27~31	0	0	0	0	拭目以待，祝家庄之王	129176	set:CJSH_quest_gaoshi_1 image:CJSH_quest_gaoshi_1_9
329	0	1	1	1~160	2	0	0	0	【挑战赛】祝家庄	1	1	1~2	0	0	0	0	拭目以待，祝家庄之王	129176	set:CJSH_quest_gaoshi_1 image:CJSH_quest_gaoshi_1_9
330	0	1	1	1~160	2	0	0	0	【挑战赛】战场等级	1	1	3~9	0	0	0	0	拭目以待，战场之王	129176	set:CJSH_quest_gaoshi_1 image:CJSH_quest_gaoshi_1_11
331	0	1	1	1~160	2	0	0	0	【挑战赛】夏王墓	1	1	10~16	0	0	0	0	拭目以待，夏王墓之王	129176	set:CJSH_quest_gaoshi_1 image:CJSH_quest_gaoshi_1_6
332	0	1	1	1~160	2	0	0	0	【挑战赛】放烟花	1	1	17~23	0	0	0	0	绚丽烟花，五彩缤纷	129176	set:CJSH_quest_gaoshi_1 image:CJSH_quest_gaoshi_1_15
333	0	1	1	1~160	2	0	0	0	【挑战赛】印度河	1	1	24~30	0	0	0	0	拭目以待，印度河之王	129176	set:CJSH_quest_gaoshi_1 image:CJSH_quest_gaoshi_1_13
334	0	1	1	1~160	2	0	0	0	【挑战赛】智力竞赛	1	1	31	0	0	0	0	比拼才智的平台	129176	set:CJSH_quest_gaoshi_1 image:CJSH_quest_gaoshi_1_14
335	0	1	1	1~160	2	0	0	0	【挑战赛】智力竞赛	2	1	1~6	0	0	0	0	比拼才智的平台	129176	set:CJSH_quest_gaoshi_1 image:CJSH_quest_gaoshi_1_14
336	0	1	1	1~160	2	0	0	0	【挑战赛】轮回台	2	1	7~13	0	0	0	0	拭目以待，轮回台之王	129176	set:CJSH_quest_gaoshi_1 image:CJSH_quest_gaoshi_1_5
337	0	1	1	1~160	2	0	0	0	【挑战赛】玫瑰	2	1	14~20	0	0	0	0	展现浪漫的平台	129176	set:CJSH_quest_gaoshi_1 image:CJSH_quest_gaoshi_1_12
338	0	1	1	1~160	2	0	0	0	【挑战赛】大教堂	2	1	21~27	0	0	0	0	拭目以待，大教堂之王	129176	set:CJSH_quest_gaoshi_1 image:CJSH_quest_gaoshi_1_14
339	0	1	1	1~160	2	0	0	0	【挑战赛】神龙宝藏	2	1	28	0	0	0	0	拭目以待，神龙宝藏之王	129176	set:CJSH_quest_gaoshi_1 image:CJSH_quest_gaoshi_1_16
340	0	1	1	1~160	2	0	0	0	【挑战赛】神龙宝藏	3	1	1~6	0	0	0	0	拭目以待，神龙宝藏之王	129176	set:CJSH_quest_gaoshi_1 image:CJSH_quest_gaoshi_1_16
341	0	1	1	1~160	2	0	0	0	【挑战赛】囚龙岛	3	1	7~13	0	0	0	0	拭目以待，囚龙岛之王	129176	set:CJSH_quest_gaoshi_1 image:CJSH_quest_gaoshi_1_7
342	0	1	1	1~160	2	0	0	0	【挑战赛】屠龙	3	1	14~20	0	0	0	0	屠龙勇士，万人敬仰	129176	set:CJSH_quest_gaoshi_1 image:CJSH_quest_gaoshi_1_13
343	0	1	1	1~160	2	0	0	0	【挑战赛】和氏璧	3	1	21~27	0	0	0	0	拭目以待，和氏璧之王	129176	set:CJSH_quest_gaoshi_1 image:CJSH_quest_gaoshi_1_8
344	0	1	1	1~160	2	0	0	0	【挑战赛】小喇叭	3	1	28~31	0	0	0	0	表现自我，尽展风采	129176	set:CJSH_quest_gaoshi_1 image:CJSH_quest_gaoshi_1_14
345	0	1	1	1~160	2	0	0	0	【挑战赛】小喇叭	4	1	1~3	0	0	0	0	表现自我，尽展风采	129176	set:CJSH_quest_gaoshi_1 image:CJSH_quest_gaoshi_1_14
346	0	1	1	1~160	2	0	0	0	【挑战赛】赤血号	4	1	4~10	0	0	0	0	拭目以待，赤血号之王	129176	set:CJSH_quest_gaoshi_1 image:CJSH_quest_gaoshi_1_6
347	0	1	1	1~160	2	0	0	0	【挑战赛】杀敌	4	1	11~17	0	0	0	0	国家的英雄，在世战神	129176	set:CJSH_quest_gaoshi_1 image:CJSH_quest_gaoshi_1_10
348	0	1	1	1~160	2	0	0	0	【挑战赛】祝家庄	4	1	18~24	0	0	0	0	拭目以待，祝家庄之王	129176	set:CJSH_quest_gaoshi_1 image:CJSH_quest_gaoshi_1_9
349	0	1	1	1~160	2	0	0	0	【挑战赛】战场等级	4	1	25~30	0	0	0	0	拭目以待，战场之王	129176	set:CJSH_quest_gaoshi_1 image:CJSH_quest_gaoshi_1_11
350	0	1	1	1~160	3	0	0	0	【挑战赛】智力竞赛	10	1	11~17	0	0	0	0	比拼才智的平台	132070	set:CJSH_quest_gaoshi_1 image:CJSH_quest_gaoshi_1_14
351	0	1	1	1~160	3	0	0	0	【挑战赛】轮回台	10	1	18~24	0	0	0	0	拭目以待，轮回台之王	132070	set:CJSH_quest_gaoshi_1 image:CJSH_quest_gaoshi_1_5
352	0	1	1	1~160	3	0	0	0	【挑战赛】玫瑰	10	1	25~31	0	0	0	0	展现浪漫的平台	132070	set:CJSH_quest_gaoshi_1 image:CJSH_quest_gaoshi_1_12
353	0	1	1	1~160	3	0	0	0	【挑战赛】大教堂	11	1	1~7	0	0	0	0	拭目以待，大教堂之王	132070	set:CJSH_quest_gaoshi_1 image:CJSH_quest_gaoshi_1_14
354	0	1	1	1~160	3	0	0	0	【挑战赛】神龙宝藏	11	1	8~14	0	0	0	0	拭目以待，神龙宝藏之王	132070	set:CJSH_quest_gaoshi_1 image:CJSH_quest_gaoshi_1_16
355	0	1	1	1~160	3	0	0	0	【挑战赛】囚龙岛	11	1	15~21	0	0	0	0	拭目以待，囚龙岛之王	132070	set:CJSH_quest_gaoshi_1 image:CJSH_quest_gaoshi_1_7
356	0	1	1	1~160	3	0	0	0	【挑战赛】屠龙	11	1	22~28	0	0	0	0	屠龙勇士，万人敬仰	132070	set:CJSH_quest_gaoshi_1 image:CJSH_quest_gaoshi_1_13
357	0	1	1	1~160	3	0	0	0	【挑战赛】和氏璧	11	1	29~30	0	0	0	0	拭目以待，和氏璧之王	132070	set:CJSH_quest_gaoshi_1 image:CJSH_quest_gaoshi_1_8
358	0	1	1	1~160	3	0	0	0	【挑战赛】和氏璧	12	1	1~5	0	0	0	0	拭目以待，和氏璧之王	132070	set:CJSH_quest_gaoshi_1 image:CJSH_quest_gaoshi_1_8
359	0	1	1	1~160	3	0	0	0	【挑战赛】小喇叭	12	1	6~12	0	0	0	0	表现自我，尽展风采	132070	set:CJSH_quest_gaoshi_1 image:CJSH_quest_gaoshi_1_14
360	0	1	1	1~160	3	0	0	0	【挑战赛】赤血号	12	1	13~19	0	0	0	0	拭目以待，赤血号之王	132070	set:CJSH_quest_gaoshi_1 image:CJSH_quest_gaoshi_1_6
361	0	1	1	1~160	3	0	0	0	【挑战赛】杀敌	12	1	20~26	0	0	0	0	国家的英雄，在世战神	132070	set:CJSH_quest_gaoshi_1 image:CJSH_quest_gaoshi_1_10
362	0	1	1	1~160	3	0	0	0	【挑战赛】祝家庄	12	1	27~31	0	0	0	0	拭目以待，祝家庄之王	132070	set:CJSH_quest_gaoshi_1 image:CJSH_quest_gaoshi_1_9
363	0	1	1	1~160	3	0	0	0	【挑战赛】祝家庄	1	1	1~2	0	0	0	0	拭目以待，祝家庄之王	132070	set:CJSH_quest_gaoshi_1 image:CJSH_quest_gaoshi_1_9
364	0	1	1	1~160	3	0	0	0	【挑战赛】战场等级	1	1	3~9	0	0	0	0	拭目以待，战场之王	132070	set:CJSH_quest_gaoshi_1 image:CJSH_quest_gaoshi_1_11
365	0	1	1	1~160	3	0	0	0	【挑战赛】夏王墓	1	1	10~16	0	0	0	0	拭目以待，夏王墓之王	132070	set:CJSH_quest_gaoshi_1 image:CJSH_quest_gaoshi_1_6
366	0	1	1	1~160	3	0	0	0	【挑战赛】放烟花	1	1	17~23	0	0	0	0	绚丽烟花，五彩缤纷	132070	set:CJSH_quest_gaoshi_1 image:CJSH_quest_gaoshi_1_15
367	0	1	1	1~160	3	0	0	0	【挑战赛】印度河	1	1	24~30	0	0	0	0	拭目以待，印度河之王	132070	set:CJSH_quest_gaoshi_1 image:CJSH_quest_gaoshi_1_13
368	0	1	1	1~160	3	0	0	0	【挑战赛】智力竞赛	1	1	31	0	0	0	0	比拼才智的平台	132070	set:CJSH_quest_gaoshi_1 image:CJSH_quest_gaoshi_1_14
369	0	1	1	1~160	3	0	0	0	【挑战赛】智力竞赛	2	1	1~6	0	0	0	0	比拼才智的平台	132070	set:CJSH_quest_gaoshi_1 image:CJSH_quest_gaoshi_1_14
370	0	1	1	1~160	3	0	0	0	【挑战赛】轮回台	2	1	7~13	0	0	0	0	拭目以待，轮回台之王	132070	set:CJSH_quest_gaoshi_1 image:CJSH_quest_gaoshi_1_5
371	0	1	1	1~160	3	0	0	0	【挑战赛】玫瑰	2	1	14~20	0	0	0	0	展现浪漫的平台	132070	set:CJSH_quest_gaoshi_1 image:CJSH_quest_gaoshi_1_12
372	0	1	1	1~160	3	0	0	0	【挑战赛】大教堂	2	1	21~27	0	0	0	0	拭目以待，大教堂之王	132070	set:CJSH_quest_gaoshi_1 image:CJSH_quest_gaoshi_1_14
373	0	1	1	1~160	3	0	0	0	【挑战赛】神龙宝藏	2	1	28	0	0	0	0	拭目以待，神龙宝藏之王	132070	set:CJSH_quest_gaoshi_1 image:CJSH_quest_gaoshi_1_16
374	0	1	1	1~160	3	0	0	0	【挑战赛】神龙宝藏	3	1	1~6	0	0	0	0	拭目以待，神龙宝藏之王	132070	set:CJSH_quest_gaoshi_1 image:CJSH_quest_gaoshi_1_16
375	0	1	1	1~160	3	0	0	0	【挑战赛】囚龙岛	3	1	7~13	0	0	0	0	拭目以待，囚龙岛之王	132070	set:CJSH_quest_gaoshi_1 image:CJSH_quest_gaoshi_1_7
376	0	1	1	1~160	3	0	0	0	【挑战赛】屠龙	3	1	14~20	0	0	0	0	屠龙勇士，万人敬仰	132070	set:CJSH_quest_gaoshi_1 image:CJSH_quest_gaoshi_1_13
377	0	1	1	1~160	3	0	0	0	【挑战赛】和氏璧	3	1	21~27	0	0	0	0	拭目以待，和氏璧之王	132070	set:CJSH_quest_gaoshi_1 image:CJSH_quest_gaoshi_1_8
378	0	1	1	1~160	3	0	0	0	【挑战赛】小喇叭	3	1	28~31	0	0	0	0	表现自我，尽展风采	132070	set:CJSH_quest_gaoshi_1 image:CJSH_quest_gaoshi_1_14
379	0	1	1	1~160	3	0	0	0	【挑战赛】小喇叭	4	1	1~3	0	0	0	0	表现自我，尽展风采	132070	set:CJSH_quest_gaoshi_1 image:CJSH_quest_gaoshi_1_14
380	0	1	1	1~160	3	0	0	0	【挑战赛】赤血号	4	1	4~10	0	0	0	0	拭目以待，赤血号之王	132070	set:CJSH_quest_gaoshi_1 image:CJSH_quest_gaoshi_1_6
381	0	1	1	1~160	3	0	0	0	【挑战赛】杀敌	4	1	11~17	0	0	0	0	国家的英雄，在世战神	132070	set:CJSH_quest_gaoshi_1 image:CJSH_quest_gaoshi_1_10
382	0	1	1	1~160	3	0	0	0	【挑战赛】祝家庄	4	1	18~24	0	0	0	0	拭目以待，祝家庄之王	132070	set:CJSH_quest_gaoshi_1 image:CJSH_quest_gaoshi_1_9
383	0	1	1	1~160	3	0	0	0	【挑战赛】战场等级	4	1	25~30	0	0	0	0	拭目以待，战场之王	132070	set:CJSH_quest_gaoshi_1 image:CJSH_quest_gaoshi_1_11
384	0	1	1	40~160	0	1~10	0	1	【国家】青龙战场	0	0	7	2040~2100	0	0	0	青龙守护，国家中坚力量	123842	set:CJSH_fuben_1 image:CJSH_fuben_1_15
385	0	1	1	40~160	1	1~10	0	1	【国家】青龙战场	0	0	7	2040~2100	0	0	0	青龙守护，国家中坚力量	126142	set:CJSH_fuben_1 image:CJSH_fuben_1_15
386	0	1	1	40~160	2	1~10	0	1	【国家】青龙战场	0	0	7	2040~2100	0	0	0	青龙守护，国家中坚力量	129744	set:CJSH_fuben_1 image:CJSH_fuben_1_15
387	0	1	1	40~160	3	1~10	0	1	【国家】青龙战场	0	0	7	2040~2100	0	0	0	青龙守护，国家中坚力量	132168	set:CJSH_fuben_1 image:CJSH_fuben_1_15
388	0	1	1	40~160	0	1~10	0	1	【国家】朱雀战场	0	0	7	2040~2100	0	0	0	朱雀守护，国家中坚力量	123842	set:CJSH_fuben_1 image:CJSH_fuben_1_14
389	0	1	1	40~160	1	1~10	0	1	【国家】朱雀战场	0	0	7	2040~2100	0	0	0	朱雀守护，国家中坚力量	126142	set:CJSH_fuben_1 image:CJSH_fuben_1_14
390	0	1	1	40~160	2	1~10	0	1	【国家】朱雀战场	0	0	7	2040~2100	0	0	0	朱雀守护，国家中坚力量	129744	set:CJSH_fuben_1 image:CJSH_fuben_1_14
391	0	1	1	40~160	3	1~10	0	1	【国家】朱雀战场	0	0	7	2040~2100	0	0	0	朱雀守护，国家中坚力量	132168	set:CJSH_fuben_1 image:CJSH_fuben_1_14
392	0	0	1	45~160	0	0	0	1	【队伍】魔君部将	0	1	0	1030~1100	0	0	1	魔君部将，诛之有奖	123719	
393	0	0	1	45~160	0	0	0	1	【队伍】魔君部将	0	1	0	1230~1300	0	0	1	魔君部将，诛之有奖	123719	
394	0	0	1	45~160	0	0	0	1	【队伍】魔君部将	0	1	0	1430~1500	0	0	1	魔君部将，诛之有奖	123719	
395	0	0	1	45~160	0	0	0	1	【队伍】魔君部将	0	1	0	1630~1700	0	0	1	魔君部将，诛之有奖	123719	
396	0	0	1	45~160	0	0	0	1	【队伍】魔君部将	0	1	0	1830~1900	0	0	1	魔君部将，诛之有奖	123719	
397	0	0	1	45~160	0	0	0	1	【队伍】魔君部将	0	1	0	2130~2200	0	0	1	魔君部将，诛之有奖	123719	
398	0	0	1	45~160	1	0	0	1	【队伍】魔君部将	0	1	0	1030~1100	0	0	1	魔君部将，诛之有奖	126016	
399	0	0	1	45~160	1	0	0	1	【队伍】魔君部将	0	1	0	1230~1300	0	0	1	魔君部将，诛之有奖	126016	
400	0	0	1	45~160	1	0	0	1	【队伍】魔君部将	0	1	0	1430~1500	0	0	1	魔君部将，诛之有奖	126016	
401	0	0	1	45~160	1	0	0	1	【队伍】魔君部将	0	1	0	1630~1700	0	0	1	魔君部将，诛之有奖	126016	
402	0	0	1	45~160	1	0	0	1	【队伍】魔君部将	0	1	0	1830~1900	0	0	1	魔君部将，诛之有奖	126016	
403	0	0	1	45~160	1	0	0	1	【队伍】魔君部将	0	1	0	2130~2200	0	0	1	魔君部将，诛之有奖	126016	
404	0	0	1	45~160	2	0	0	1	【队伍】魔君部将	0	1	0	1030~1100	0	0	1	魔君部将，诛之有奖	129016	
405	0	0	1	45~160	2	0	0	1	【队伍】魔君部将	0	1	0	1230~1300	0	0	1	魔君部将，诛之有奖	129016	
406	0	0	1	45~160	2	0	0	1	【队伍】魔君部将	0	1	0	1430~1500	0	0	1	魔君部将，诛之有奖	129016	
407	0	0	1	45~160	2	0	0	1	【队伍】魔君部将	0	1	0	1630~1700	0	0	1	魔君部将，诛之有奖	129016	
408	0	0	1	45~160	2	0	0	1	【队伍】魔君部将	0	1	0	1830~1900	0	0	1	魔君部将，诛之有奖	129016	
409	0	0	1	45~160	2	0	0	1	【队伍】魔君部将	0	1	0	2130~2200	0	0	1	魔君部将，诛之有奖	129016	
410	0	0	1	45~160	3	0	0	1	【队伍】魔君部将	0	1	0	1030~1100	0	0	1	魔君部将，诛之有奖	132016	
411	0	0	1	45~160	3	0	0	1	【队伍】魔君部将	0	1	0	1230~1300	0	0	1	魔君部将，诛之有奖	132016	
412	0	0	1	45~160	3	0	0	1	【队伍】魔君部将	0	1	0	1430~1500	0	0	1	魔君部将，诛之有奖	132016	
413	0	0	1	45~160	3	0	0	1	【队伍】魔君部将	0	1	0	1630~1700	0	0	1	魔君部将，诛之有奖	132016	
414	0	0	1	45~160	3	0	0	1	【队伍】魔君部将	0	1	0	1830~1900	0	0	1	魔君部将，诛之有奖	132016	
415	0	0	1	45~160	3	0	0	1	【队伍】魔君部将	0	1	0	2130~2200	0	0	1	魔君部将，诛之有奖	132016	
416	0	0	1	20~160	0	0	0	0	【个人】三环通缉令	0	1	0	0	1	209|0|9|209|9|7	21	共享三环副本每周次数	123744	
417	0	0	1	20~160	1	0	0	0	【个人】三环通缉令	0	1	0	0	1	209|0|9|209|9|7	21	共享三环副本每周次数	126040	
418	0	0	1	20~160	2	0	0	0	【个人】三环通缉令	0	1	0	0	1	209|0|9|209|9|7	21	共享三环副本每周次数	129041	
419	0	0	1	20~160	3	0	0	0	【个人】三环通缉令	0	1	0	0	1	209|0|9|209|9|7	21	共享三环副本每周次数	132040	
420	0	1	1	65~84	0~3	0	0	1	【个人】暴龙大作战	0	0	6|7	1200~2210	0	0	1	暴龙作战，其乐无穷	145004	set:HAN2_Ride_touxiang_2 image:HAN2_Ride_touxiang_2_3
421	0	1	1	65~84	0~3	0	0	1	【个人】疯狂的箱子	0	0	6|7	1235~2250	0	0	1	神奇宝箱，为之疯狂	145004	set:CJSH_fuben_2 image:CJSH_fuben_2_8
422	0	1	1	60~160	0~3	0	0	1	【战场】六人战场	0	0	6	1330~1500	0	0	0	和队友并肩作战吧！	140606	set:CJSH_fuben_2 image:CJSH_fuben_2_11
423	0	0	1	65~84	0~3	0	0	1	【个人】乐透大抽奖	0	0	6|7	0	0	0	1	运气也是实力的一种	145004	
424	0	0	1	65~84	0~3	0	0	1	【个人】水晶球总动员	0	0	6|7	900~2300	0	0	0	周日狂欢，经验不断	145004	
425	0	1	1	20~160	0	1~10	0	1	【国家】领地争夺战	0	0	6	1600~1700	0	0	0	争夺领地，拥有家园	123839	set:CJSH_battle_1 image:CJSH_battle_1_1
426	0	1	1	20~160	1	1~10	0	1	【国家】领地争夺战	0	0	6	1600~1700	0	0	0	争夺领地，拥有家园	126139	set:CJSH_battle_1 image:CJSH_battle_1_1
427	0	1	1	20~160	2	1~10	0	1	【国家】领地争夺战	0	0	6	1600~1700	0	0	0	争夺领地，拥有家园	129741	set:CJSH_battle_1 image:CJSH_battle_1_1
428	0	1	1	20~160	3	1~10	0	1	【国家】领地争夺战	0	0	6	1600~1700	0	0	0	争夺领地，拥有家园	132165	set:CJSH_battle_1 image:CJSH_battle_1_1
429	0	1	1	85~109	0~3	0	0	1	【个人】天降魔君	0	0	6|7	0~2300	0	0	50	投票得奖打BOSS	145004	set:CJSH_Add_5 image:CJSH_Add_5_15
430	0	1	1	85~109	0~3	0	0	1	【个人】挖宝大作战	0	0	6|7	1400~1700	0	0	2	挖宝大战，争先恐后	145004	set:CJSH_Add_1 image:CJSH_Add_1_15
431	0	0	1	85~109	0~3	0	0	1	【个人】乐透大抽奖	0	0	6|7	1030~2300	0	0	1	天上人间・聊斋的手气	145004	
432	0	0	1	35~49	0	0	0	0	【个人】迷宫除恶	0	1	0	0	0	245|16|9|246|0|5	10	迷宫任务海量经验	101650	
433	0	0	1	35~49	1	0	0	0	【个人】迷宫除恶	0	1	0	0	0	245|16|9|246|0|5	10	迷宫任务海量经验	101658	
434	0	0	1	35~49	2	0	0	0	【个人】迷宫除恶	0	1	0	0	0	245|16|9|246|0|5	10	迷宫任务海量经验	101666	
435	0	0	1	35~49	3	0	0	0	【个人】迷宫除恶	0	1	0	0	0	245|16|9|246|0|5	10	迷宫任务海量经验	101674	
436	0	0	1	80~160	0~3	1~10	0	0	【国家】皇帝密令	0	1	0	0	0	109|10|9|0|0|0	1	去收集贡品吧	139264	
437	0	0	1	40~160	0	0	0	1	【线上领奖】感恩金翎	10	1	26~28	2000~2030	0	0	1	喜获金翎，领取礼物	123760	
438	0	0	1	40~160	1	0	0	1	【线上领奖】感恩金翎	10	1	26~28	2000~2030	0	0	1	喜获金翎，领取礼物	126056	
439	0	0	1	40~160	2	0	0	1	【线上领奖】感恩金翎	10	1	26~28	2000~2030	0	0	1	喜获金翎，领取礼物	129058	
440	0	0	1	40~160	3	0	0	1	【线上领奖】感恩金翎	10	1	26~28	2000~2030	0	0	1	喜获金翎，领取礼物	132056	
