INT	INT
装备id	装备type（1：神级，2：天级，3：冥级）
10014003	1
10014004	2
10019600	1
10019700	1
10019701	2
10019803	1
10019804	1
10019805	1
10019810	2
10019811	2
10019850	3
10019851	3
10019852	3
10019853	3
10019900	1
10019901	1
10019902	1
10019903	2
10019904	2
10019905	3
10019910	1
10019911	1
10019912	1
10019913	2
10019914	2
10019915	3
10024003	1
10024004	2
10028600	1
10028700	1
10028701	2
10028803	1
10028804	1
10028805	1
10028810	2
10028811	2
10028850	3
10028851	3
10028852	3
10028853	3
10029000	1
10029001	1
10029002	1
10029003	2
10029004	2
10029005	3
10029010	1
10029011	1
10029012	1
10029013	2
10029014	2
10029015	3
10034003	1
10034004	2
10038600	1
10038700	1
10038701	2
10038803	1
10038804	1
10038805	1
10038810	2
10038811	2
10038850	3
10038851	3
10038852	3
10038853	3
10039000	1
10039001	1
10039002	1
10039003	2
10039004	2
10039005	3
10039010	1
10039011	1
10039012	1
10039013	2
10039014	2
10039015	3
10044003	1
10044004	2
10048600	1
10048700	1
10048701	2
10048803	1
10048804	1
10048805	1
10048810	2
10048811	2
10048850	3
10048851	3
10048852	3
10048853	3
10049000	1
10049001	1
10049002	1
10049003	2
10049004	2
10049005	3
10049010	1
10049011	1
10049012	1
10049013	2
10049014	2
10049015	3
10054003	1
10054004	2
10058600	1
10058700	1
10058701	2
10058803	1
10058804	1
10058805	1
10058810	2
10058811	2
10058850	3
10058851	3
10058852	3
10058853	3
10059000	1
10059001	1
10059002	1
10059003	2
10059004	2
10059005	3
10059010	1
10059011	1
10059012	1
10059013	2
10059014	2
10059015	3
10064003	1
10064004	2
10068600	1
10068700	1
10068701	2
10068803	1
10068804	1
10068805	1
10068810	2
10068811	2
10068850	3
10068851	3
10068852	3
10068853	3
10069000	1
10069001	1
10069002	1
10069003	2
10069004	2
10069005	3
10069010	1
10069011	1
10069012	1
10069013	2
10069014	2
10069015	3
10074003	1
10074004	2
10077600	1
10077700	1
10077701	2
10077803	1
10077804	1
10077805	1
10077810	2
10077811	2
10077850	3
10077851	3
10077852	3
10077853	3
10078000	1
10078001	1
10078002	1
10078003	2
10078004	2
10078005	3
10078010	1
10078011	1
10078012	1
10078013	2
10078014	2
10078015	3
10084003	1
10084004	2
10087600	1
10087700	1
10087701	2
10087803	1
10087804	1
10087805	1
10087810	2
10087811	2
10087850	3
10087851	3
10087852	3
10087853	3
10088000	1
10088001	1
10088002	1
10088003	2
10088004	2
10088005	3
10088010	1
10088011	1
10088012	1
10088013	2
10088014	2
10088015	3
10094003	1
10094004	2
10097600	1
10097700	1
10097701	2
10097803	1
10097804	1
10097805	1
10097810	2
10097811	2
10097850	3
10097851	3
10097852	3
10097853	3
10098000	1
10098001	1
10098002	1
10098003	2
10098004	2
10098005	3
10098010	1
10098011	1
10098012	1
10098013	2
10098014	2
10098015	3
10104003	1
10104004	2
10107600	1
10107700	1
10107701	2
10107803	1
10107804	1
10107805	1
10107810	2
10107811	2
10107850	3
10107851	3
10107852	3
10107853	3
10108000	1
10108001	1
10108002	1
10108003	2
10108004	2
10108005	3
10108010	1
10108011	1
10108012	1
10108013	2
10108014	2
10108015	3
10114003	1
10114004	2
10117600	1
10117700	1
10117701	2
10117803	1
10117804	1
10117805	1
10117810	2
10117811	2
10117850	3
10117851	3
10117852	3
10117853	3
10118000	1
10118001	1
10118002	1
10118003	2
10118004	2
10118005	3
10118010	1
10118011	1
10118012	1
10118013	2
10118014	2
10118015	3
10124003	1
10124004	2
10127600	1
10127700	1
10127701	2
10127803	1
10127804	1
10127805	1
10127810	2
10127811	2
10127850	3
10127851	3
10127852	3
10127853	3
10128000	1
10128001	1
10128002	1
10128003	2
10128004	2
10128005	3
10128010	1
10128011	1
10128012	1
10128013	2
10128014	2
10128015	3
10200091	1
10204003	1
10204004	2
10204013	1
10204014	2
10204023	1
10204024	2
10204033	1
10204034	2
10204043	1
10204044	2
10204053	1
10204054	2
10204063	1
10204064	2
10204073	1
10204074	2
10204083	1
10204084	2
10204093	1
10204094	2
10204103	1
10204104	2
10204113	1
10204114	2
10208600	1
10208610	1
10208620	1
10208630	1
10208640	1
10208650	1
10208700	1
10208710	1
10208720	1
10208730	1
10208740	1
10208750	1
10208760	2
10208761	2
10208762	2
10208763	2
10208764	2
10208765	2
10208803	1
10208804	1
10208805	1
10208813	1
10208814	1
10208815	1
10208823	1
10208824	1
10208825	1
10208833	1
10208834	1
10208835	1
10208843	1
10208844	1
10208845	1
10208853	1
10208854	1
10208855	1
10208900	2
10208901	2
10208902	2
10208903	2
10208904	2
10208905	2
10208910	2
10208911	2
10208912	2
10208913	2
10208914	2
10208915	2
10209000	1
10209001	1
10209002	1
10209003	1
10209004	1
10209005	1
10209006	1
10209007	1
10209008	1
10209009	1
10209010	1
10209011	1
10209012	1
10209013	1
10209014	1
10209015	1
10209016	1
10209017	1
10209018	2
10209019	2
10209020	2
10209021	2
10209022	2
10209023	2
10209024	2
10209025	2
10209026	2
10209027	2
10209028	2
10209029	2
10209030	3
10209031	3
10209032	3
10209033	3
10209034	3
10209035	3
10209100	1
10209101	1
10209102	1
10209103	1
10209104	1
10209105	1
10209106	1
10209107	1
10209108	1
10209109	1
10209110	1
10209111	1
10209112	1
10209113	1
10209114	1
10209115	1
10209116	1
10209117	1
10209118	2
10209119	2
10209120	2
10209121	2
10209122	2
10209123	2
10209124	2
10209125	2
10209126	2
10209127	2
10209128	2
10209129	2
10209130	3
10209131	3
10209132	3
10209133	3
10209134	3
10209135	3
10209254	1
10209255	1
10209256	1
10209257	1
10209258	1
10209259	1
10209260	1
10209261	1
10209262	1
10209263	1
10209264	1
10209265	1
10209266	2
10209267	2
10209268	2
10209269	2
10209270	2
10209271	2
10209274	1
10209275	1
10209276	1
10209279	1
10209280	1
10209281	1
10209284	1
10209285	1
10209286	1
10209289	1
10209290	1
10209291	1
10209294	1
10209295	1
10209296	1
10209299	1
10209300	1
10209301	1
10209302	2
10209303	2
10209304	2
10209305	2
10209306	2
10209307	2
10209308	2
10209309	2
10209310	2
10209311	2
10209312	2
10209313	2
10209314	1
10209315	1
10209316	1
10209317	1
10209318	1
10209319	1
10209320	1
10209321	1
10209322	1
10209323	1
10209324	1
10209325	1
10209326	1
10209327	1
10209328	1
10209329	1
10209330	1
10209331	1
10209332	2
10209333	2
10209334	2
10209335	2
10209336	2
10209337	2
10209338	2
10209339	2
10209340	2
10209341	2
10209342	2
10209343	2
10209344	3
10209345	3
10209346	3
10209347	3
10209348	3
10209349	3
10209350	1
10209351	1
10209352	1
10209353	1
10209354	1
10209355	1
10209356	1
10209357	1
10209358	1
10209359	1
10209360	1
10209361	1
10209362	1
10209363	1
10209364	1
10209365	1
10209366	1
10209367	1
10209368	2
10209369	2
10209370	2
10209371	2
10209372	2
10209373	2
10209374	2
10209375	2
10209376	2
10209377	2
10209378	2
10209379	2
10209380	3
10209381	3
10209382	3
10209383	3
10209384	3
10209385	3
10209500	3
10209501	3
10209502	3
10209503	3
10209504	3
10209505	3
10209506	3
10209507	3
10209508	3
10209509	3
10209510	3
10209511	3
10209512	3
10209513	3
10209514	3
10209515	3
10209516	3
10209517	3
10209518	3
10209519	3
10209520	3
10209521	3
10209522	3
10209523	3
10209524	3
10209525	3
10209526	3
10209527	3
10209528	3
10209529	3
10209530	3
10209531	3
10209532	3
10209533	3
10209534	3
10209535	3
10209536	3
10209537	3
10209538	3
10209539	3
10209540	3
10209541	3
10209542	3
10209543	3
10209544	3
10209545	3
10209546	3
10209547	3
10234003	1
10234004	2
10234013	1
10234014	2
10234023	1
10234024	2
10234033	1
10234034	2
10234043	1
10234044	2
10234053	1
10234054	2
10238600	1
10238610	1
10238620	1
10238630	1
10238640	1
10238650	1
10238700	1
10238710	1
10238720	1
10238730	1
10238740	1
10238750	1
10238760	2
10238761	2
10238762	2
10238763	2
10238764	2
10238765	2
10238803	1
10238804	1
10238805	1
10238813	1
10238814	1
10238815	1
10238823	1
10238824	1
10238825	1
10238833	1
10238834	1
10238835	1
10238843	1
10238844	1
10238845	1
10238853	1
10238854	1
10238855	1
10238900	2
10238901	2
10238902	2
10238903	2
10238904	2
10238905	2
10238910	2
10238911	2
10238912	2
10238913	2
10238914	2
10238915	2
10239000	1
10239001	1
10239002	1
10239003	1
10239004	1
10239005	1
10239006	1
10239007	1
10239008	1
10239009	1
10239010	1
10239011	1
10239012	1
10239013	1
10239014	1
10239015	1
10239016	1
10239017	1
10239018	2
10239019	2
10239020	2
10239021	2
10239022	2
10239023	2
10239024	2
10239025	2
10239026	2
10239027	2
10239028	2
10239029	2
10239030	3
10239031	3
10239032	3
10239033	3
10239034	3
10239035	3
10239100	1
10239101	1
10239102	1
10239103	1
10239104	1
10239105	1
10239106	1
10239107	1
10239108	1
10239109	1
10239110	1
10239111	1
10239112	1
10239113	1
10239114	1
10239115	1
10239116	1
10239117	1
10239118	2
10239119	2
10239120	2
10239121	2
10239122	2
10239123	2
10239124	2
10239125	2
10239126	2
10239127	2
10239128	2
10239129	2
10239130	3
10239131	3
10239132	3
10239133	3
10239134	3
10239135	3
10239220	1
10239221	2
10239224	1
10239225	2
10239228	1
10239229	2
10239232	1
10239233	2
10239236	1
10239237	2
10239240	1
10239241	2
10239278	1
10239279	1
10239280	1
10239281	1
10239282	1
10239283	1
10239284	1
10239285	1
10239286	1
10239287	1
10239288	1
10239289	1
10239290	2
10239291	2
10239292	2
10239293	2
10239294	2
10239295	2
10239298	1
10239299	1
10239300	1
10239303	1
10239304	1
10239305	1
10239308	1
10239309	1
10239310	1
10239313	1
10239314	1
10239315	1
10239318	1
10239319	1
10239320	1
10239323	1
10239324	1
10239325	1
10239326	2
10239327	2
10239328	2
10239329	2
10239330	2
10239331	2
10239332	2
10239333	2
10239334	2
10239335	2
10239336	2
10239337	2
10239338	1
10239339	1
10239340	1
10239341	1
10239342	1
10239343	1
10239344	1
10239345	1
10239346	1
10239347	1
10239348	1
10239349	1
10239350	1
10239351	1
10239352	1
10239353	1
10239354	1
10239355	1
10239356	2
10239357	2
10239358	2
10239359	2
10239360	2
10239361	2
10239362	2
10239363	2
10239364	2
10239365	2
10239366	2
10239367	2
10239368	3
10239369	3
10239370	3
10239371	3
10239372	3
10239373	3
10239374	1
10239375	1
10239376	1
10239377	1
10239378	1
10239379	1
10239380	1
10239381	1
10239382	1
10239383	1
10239384	1
10239385	1
10239386	1
10239387	1
10239388	1
10239389	1
10239390	1
10239391	1
10239392	2
10239393	2
10239394	2
10239395	2
10239396	2
10239397	2
10239398	2
10239399	2
10239400	2
10239401	2
10239402	2
10239403	2
10239404	3
10239405	3
10239406	3
10239407	3
10239408	3
10239409	3
10239500	3
10239501	3
10239502	3
10239503	3
10239504	3
10239505	3
10239506	3
10239507	3
10239508	3
10239509	3
10239510	3
10239511	3
10239512	3
10239513	3
10239514	3
10239515	3
10239516	3
10239517	3
10239518	3
10239519	3
10239520	3
10239521	3
10239522	3
10239523	3
10239524	3
10239525	3
10239526	3
10239527	3
10239528	3
10239529	3
10239530	3
10239531	3
10239532	3
10239533	3
10239534	3
10239535	3
10239536	3
10239537	3
10239538	3
10239539	3
10239540	3
10239541	3
10239542	3
10239543	3
10239544	3
10239545	3
10239546	3
10239547	3
10244003	1
10244004	2
10244013	1
10244014	2
10244023	1
10244024	2
10244033	1
10244034	2
10244043	1
10244044	2
10244053	1
10244054	2
10248600	1
10248610	1
10248620	1
10248630	1
10248640	1
10248650	1
10248700	1
10248710	1
10248720	1
10248730	1
10248740	1
10248750	1
10248760	2
10248761	2
10248762	2
10248763	2
10248764	2
10248765	2
10248803	1
10248804	1
10248805	1
10248813	1
10248814	1
10248815	1
10248823	1
10248824	1
10248825	1
10248833	1
10248834	1
10248835	1
10248843	1
10248844	1
10248845	1
10248853	1
10248854	1
10248855	1
10248900	2
10248901	2
10248902	2
10248903	2
10248904	2
10248905	2
10248910	2
10248911	2
10248912	2
10248913	2
10248914	2
10248915	2
10249000	1
10249001	1
10249002	1
10249003	1
10249004	1
10249005	1
10249006	1
10249007	1
10249008	1
10249009	1
10249010	1
10249011	1
10249012	1
10249013	1
10249014	1
10249015	1
10249016	1
10249017	1
10249018	2
10249019	2
10249020	2
10249021	2
10249022	2
10249023	2
10249024	2
10249025	2
10249026	2
10249027	2
10249028	2
10249029	2
10249030	3
10249031	3
10249032	3
10249033	3
10249034	3
10249035	3
10249100	1
10249101	1
10249102	1
10249103	1
10249104	1
10249105	1
10249106	1
10249107	1
10249108	1
10249109	1
10249110	1
10249111	1
10249112	1
10249113	1
10249114	1
10249115	1
10249116	1
10249117	1
10249118	2
10249119	2
10249120	2
10249121	2
10249122	2
10249123	2
10249124	2
10249125	2
10249126	2
10249127	2
10249128	2
10249129	2
10249130	3
10249131	3
10249132	3
10249133	3
10249134	3
10249135	3
10249220	1
10249221	2
10249224	1
10249225	2
10249228	1
10249229	2
10249232	1
10249233	2
10249236	1
10249237	2
10249240	1
10249241	2
10249278	1
10249279	1
10249280	1
10249281	1
10249282	1
10249283	1
10249284	1
10249285	1
10249286	1
10249287	1
10249288	1
10249289	1
10249290	2
10249291	2
10249292	2
10249293	2
10249294	2
10249295	2
10249298	1
10249299	1
10249300	1
10249303	1
10249304	1
10249305	1
10249308	1
10249309	1
10249310	1
10249313	1
10249314	1
10249315	1
10249318	1
10249319	1
10249320	1
10249323	1
10249324	1
10249325	1
10249326	2
10249327	2
10249328	2
10249329	2
10249330	2
10249331	2
10249332	2
10249333	2
10249334	2
10249335	2
10249336	2
10249337	2
10249338	1
10249339	1
10249340	1
10249341	1
10249342	1
10249343	1
10249344	1
10249345	1
10249346	1
10249347	1
10249348	1
10249349	1
10249350	1
10249351	1
10249352	1
10249353	1
10249354	1
10249355	1
10249356	2
10249357	2
10249358	2
10249359	2
10249360	2
10249361	2
10249362	2
10249363	2
10249364	2
10249365	2
10249366	2
10249367	2
10249368	3
10249369	3
10249370	3
10249371	3
10249372	3
10249373	3
10249374	1
10249375	1
10249376	1
10249377	1
10249378	1
10249379	1
10249380	1
10249381	1
10249382	1
10249383	1
10249384	1
10249385	1
10249386	1
10249387	1
10249388	1
10249389	1
10249390	1
10249391	1
10249392	2
10249393	2
10249394	2
10249395	2
10249396	2
10249397	2
10249398	2
10249399	2
10249400	2
10249401	2
10249402	2
10249403	2
10249404	3
10249405	3
10249406	3
10249407	3
10249408	3
10249409	3
10249500	3
10249501	3
10249502	3
10249503	3
10249504	3
10249505	3
10249506	3
10249507	3
10249508	3
10249509	3
10249510	3
10249511	3
10249512	3
10249513	3
10249514	3
10249515	3
10249516	3
10249517	3
10249518	3
10249519	3
10249520	3
10249521	3
10249522	3
10249523	3
10249524	3
10249525	3
10249526	3
10249527	3
10249528	3
10249529	3
10249530	3
10249531	3
10249532	3
10249533	3
10249534	3
10249535	3
10249536	3
10249537	3
10249538	3
10249539	3
10249540	3
10249541	3
10249542	3
10249543	3
10249544	3
10249545	3
10249546	3
10249547	3
10254003	1
10254004	2
10254013	1
10254014	2
10254023	1
10254024	2
10254033	1
10254034	2
10254043	1
10254044	2
10254053	1
10254054	2
10258600	1
10258610	1
10258620	1
10258630	1
10258640	1
10258650	1
10258700	1
10258710	1
10258720	1
10258730	1
10258740	1
10258750	1
10258760	2
10258761	2
10258762	2
10258763	2
10258764	2
10258765	2
10258803	1
10258804	1
10258805	1
10258813	1
10258814	1
10258815	1
10258823	1
10258824	1
10258825	1
10258833	1
10258834	1
10258835	1
10258843	1
10258844	1
10258845	1
10258853	1
10258854	1
10258855	1
10258900	2
10258901	2
10258902	2
10258903	2
10258904	2
10258905	2
10258910	2
10258911	2
10258912	2
10258913	2
10258914	2
10258915	2
10259000	1
10259001	1
10259002	1
10259003	1
10259004	1
10259005	1
10259006	1
10259007	1
10259008	1
10259009	1
10259010	1
10259011	1
10259012	1
10259013	1
10259014	1
10259015	1
10259016	1
10259017	1
10259018	2
10259019	2
10259020	2
10259021	2
10259022	2
10259023	2
10259024	2
10259025	2
10259026	2
10259027	2
10259028	2
10259029	2
10259030	3
10259031	3
10259032	3
10259033	3
10259034	3
10259035	3
10259100	1
10259101	1
10259102	1
10259103	1
10259104	1
10259105	1
10259106	1
10259107	1
10259108	1
10259109	1
10259110	1
10259111	1
10259112	1
10259113	1
10259114	1
10259115	1
10259116	1
10259117	1
10259118	2
10259119	2
10259120	2
10259121	2
10259122	2
10259123	2
10259124	2
10259125	2
10259126	2
10259127	2
10259128	2
10259129	2
10259130	3
10259131	3
10259132	3
10259133	3
10259134	3
10259135	3
10259220	1
10259221	2
10259224	1
10259225	2
10259228	1
10259229	2
10259232	1
10259233	2
10259236	1
10259237	2
10259240	1
10259241	2
10259278	1
10259279	1
10259280	1
10259281	1
10259282	1
10259283	1
10259284	1
10259285	1
10259286	1
10259287	1
10259288	1
10259289	1
10259290	2
10259291	2
10259292	2
10259293	2
10259294	2
10259295	2
10259298	1
10259299	1
10259300	1
10259303	1
10259304	1
10259305	1
10259308	1
10259309	1
10259310	1
10259313	1
10259314	1
10259315	1
10259318	1
10259319	1
10259320	1
10259323	1
10259324	1
10259325	1
10259326	2
10259327	2
10259328	2
10259329	2
10259330	2
10259331	2
10259332	2
10259333	2
10259334	2
10259335	2
10259336	2
10259337	2
10259338	1
10259339	1
10259340	1
10259341	1
10259342	1
10259343	1
10259344	1
10259345	1
10259346	1
10259347	1
10259348	1
10259349	1
10259350	1
10259351	1
10259352	1
10259353	1
10259354	1
10259355	1
10259356	2
10259357	2
10259358	2
10259359	2
10259360	2
10259361	2
10259362	2
10259363	2
10259364	2
10259365	2
10259366	2
10259367	2
10259368	3
10259369	3
10259370	3
10259371	3
10259372	3
10259373	3
10259374	1
10259375	1
10259376	1
10259377	1
10259378	1
10259379	1
10259380	1
10259381	1
10259382	1
10259383	1
10259384	1
10259385	1
10259386	1
10259387	1
10259388	1
10259389	1
10259390	1
10259391	1
10259392	2
10259393	2
10259394	2
10259395	2
10259396	2
10259397	2
10259398	2
10259399	2
10259400	2
10259401	2
10259402	2
10259403	2
10259404	3
10259405	3
10259406	3
10259407	3
10259408	3
10259409	3
10259500	3
10259501	3
10259502	3
10259503	3
10259504	3
10259505	3
10259506	3
10259507	3
10259508	3
10259509	3
10259510	3
10259511	3
10259512	3
10259513	3
10259514	3
10259515	3
10259516	3
10259517	3
10259518	3
10259519	3
10259520	3
10259521	3
10259522	3
10259523	3
10259524	3
10259525	3
10259526	3
10259527	3
10259528	3
10259529	3
10259530	3
10259531	3
10259532	3
10259533	3
10259534	3
10259535	3
10259536	3
10259537	3
10259538	3
10259539	3
10259540	3
10259541	3
10259542	3
10259543	3
10259544	3
10259545	3
10259546	3
10259547	3
10264003	1
10264004	2
10264013	1
10264014	2
10264023	1
10264024	2
10264033	1
10264034	2
10264043	1
10264044	2
10264053	1
10264054	2
10268600	1
10268610	1
10268620	1
10268630	1
10268640	1
10268650	1
10268700	1
10268710	1
10268720	1
10268730	1
10268740	1
10268750	1
10268760	2
10268761	2
10268762	2
10268763	2
10268764	2
10268765	2
10268803	1
10268804	1
10268805	1
10268813	1
10268814	1
10268815	1
10268823	1
10268824	1
10268825	1
10268833	1
10268834	1
10268835	1
10268843	1
10268844	1
10268845	1
10268853	1
10268854	1
10268855	1
10268900	2
10268901	2
10268902	2
10268903	2
10268904	2
10268905	2
10268910	2
10268911	2
10268912	2
10268913	2
10268914	2
10268915	2
10269000	1
10269001	1
10269002	1
10269003	1
10269004	1
10269005	1
10269006	1
10269007	1
10269008	1
10269009	1
10269010	1
10269011	1
10269012	1
10269013	1
10269014	1
10269015	1
10269016	1
10269017	1
10269018	2
10269019	2
10269020	2
10269021	2
10269022	2
10269023	2
10269024	2
10269025	2
10269026	2
10269027	2
10269028	2
10269029	2
10269030	3
10269031	3
10269032	3
10269033	3
10269034	3
10269035	3
10269100	1
10269101	1
10269102	1
10269103	1
10269104	1
10269105	1
10269106	1
10269107	1
10269108	1
10269109	1
10269110	1
10269111	1
10269112	1
10269113	1
10269114	1
10269115	1
10269116	1
10269117	1
10269118	2
10269119	2
10269120	2
10269121	2
10269122	2
10269123	2
10269124	2
10269125	2
10269126	2
10269127	2
10269128	2
10269129	2
10269130	3
10269131	3
10269132	3
10269133	3
10269134	3
10269135	3
10269220	1
10269221	2
10269224	1
10269225	2
10269228	1
10269229	2
10269232	1
10269233	2
10269236	1
10269237	2
10269240	1
10269241	2
10269278	1
10269279	1
10269280	1
10269281	1
10269282	1
10269283	1
10269284	1
10269285	1
10269286	1
10269287	1
10269288	1
10269289	1
10269290	2
10269291	2
10269292	2
10269293	2
10269294	2
10269295	2
10269298	1
10269299	1
10269300	1
10269303	1
10269304	1
10269305	1
10269308	1
10269309	1
10269310	1
10269313	1
10269314	1
10269315	1
10269318	1
10269319	1
10269320	1
10269323	1
10269324	1
10269325	1
10269326	2
10269327	2
10269328	2
10269329	2
10269330	2
10269331	2
10269332	2
10269333	2
10269334	2
10269335	2
10269336	2
10269337	2
10269338	1
10269339	1
10269340	1
10269341	1
10269342	1
10269343	1
10269344	1
10269345	1
10269346	1
10269347	1
10269348	1
10269349	1
10269350	1
10269351	1
10269352	1
10269353	1
10269354	1
10269355	1
10269356	2
10269357	2
10269358	2
10269359	2
10269360	2
10269361	2
10269362	2
10269363	2
10269364	2
10269365	2
10269366	2
10269367	2
10269368	3
10269369	3
10269370	3
10269371	3
10269372	3
10269373	3
10269374	1
10269375	1
10269376	1
10269377	1
10269378	1
10269379	1
10269380	1
10269381	1
10269382	1
10269383	1
10269384	1
10269385	1
10269386	1
10269387	1
10269388	1
10269389	1
10269390	1
10269391	1
10269392	2
10269393	2
10269394	2
10269395	2
10269396	2
10269397	2
10269398	2
10269399	2
10269400	2
10269401	2
10269402	2
10269403	2
10269404	3
10269405	3
10269406	3
10269407	3
10269408	3
10269409	3
10269500	3
10269501	3
10269502	3
10269503	3
10269504	3
10269505	3
10269506	3
10269507	3
10269508	3
10269509	3
10269510	3
10269511	3
10269512	3
10269513	3
10269514	3
10269515	3
10269516	3
10269517	3
10269518	3
10269519	3
10269520	3
10269521	3
10269522	3
10269523	3
10269524	3
10269525	3
10269526	3
10269527	3
10269528	3
10269529	3
10269530	3
10269531	3
10269532	3
10269533	3
10269534	3
10269535	3
10269536	3
10269537	3
10269538	3
10269539	3
10269540	3
10269541	3
10269542	3
10269543	3
10269544	3
10269545	3
10269546	3
10269547	3
10274003	1
10274004	2
10274013	1
10274014	2
10274023	1
10274024	2
10274033	1
10274034	2
10274043	1
10274044	2
10274053	1
10274054	2
10278600	1
10278610	1
10278620	1
10278630	1
10278640	1
10278650	1
10278700	1
10278710	1
10278720	1
10278730	1
10278740	1
10278750	1
10278760	2
10278761	2
10278762	2
10278763	2
10278764	2
10278765	2
10278803	1
10278804	1
10278805	1
10278813	1
10278814	1
10278815	1
10278823	1
10278824	1
10278825	1
10278833	1
10278834	1
10278835	1
10278843	1
10278844	1
10278845	1
10278853	1
10278854	1
10278855	1
10278900	2
10278901	2
10278902	2
10278903	2
10278904	2
10278905	2
10278910	2
10278911	2
10278912	2
10278913	2
10278914	2
10278915	2
10279000	1
10279001	1
10279002	1
10279003	1
10279004	1
10279005	1
10279006	1
10279007	1
10279008	1
10279009	1
10279010	1
10279011	1
10279012	1
10279013	1
10279014	1
10279015	1
10279016	1
10279017	1
10279018	2
10279019	2
10279020	2
10279021	2
10279022	2
10279023	2
10279024	2
10279025	2
10279026	2
10279027	2
10279028	2
10279029	2
10279030	3
10279031	3
10279032	3
10279033	3
10279034	3
10279035	3
10279100	1
10279101	1
10279102	1
10279103	1
10279104	1
10279105	1
10279106	1
10279107	1
10279108	1
10279109	1
10279110	1
10279111	1
10279112	1
10279113	1
10279114	1
10279115	1
10279116	1
10279117	1
10279118	2
10279119	2
10279120	2
10279121	2
10279122	2
10279123	2
10279124	2
10279125	2
10279126	2
10279127	2
10279128	2
10279129	2
10279130	3
10279131	3
10279132	3
10279133	3
10279134	3
10279135	3
10279220	1
10279221	2
10279224	1
10279225	2
10279228	1
10279229	2
10279232	1
10279233	2
10279236	1
10279237	2
10279240	1
10279241	2
10279278	1
10279279	1
10279280	1
10279281	1
10279282	1
10279283	1
10279284	1
10279285	1
10279286	1
10279287	1
10279288	1
10279289	1
10279290	2
10279291	2
10279292	2
10279293	2
10279294	2
10279295	2
10279298	1
10279299	1
10279300	1
10279303	1
10279304	1
10279305	1
10279308	1
10279309	1
10279310	1
10279313	1
10279314	1
10279315	1
10279318	1
10279319	1
10279320	1
10279323	1
10279324	1
10279325	1
10279326	2
10279327	2
10279328	2
10279329	2
10279330	2
10279331	2
10279332	2
10279333	2
10279334	2
10279335	2
10279336	2
10279337	2
10279338	1
10279339	1
10279340	1
10279341	1
10279342	1
10279343	1
10279344	1
10279345	1
10279346	1
10279347	1
10279348	1
10279349	1
10279350	1
10279351	1
10279352	1
10279353	1
10279354	1
10279355	1
10279356	2
10279357	2
10279358	2
10279359	2
10279360	2
10279361	2
10279362	2
10279363	2
10279364	2
10279365	2
10279366	2
10279367	2
10279368	3
10279369	3
10279370	3
10279371	3
10279372	3
10279373	3
10279374	1
10279375	1
10279376	1
10279377	1
10279378	1
10279379	1
10279380	1
10279381	1
10279382	1
10279383	1
10279384	1
10279385	1
10279386	1
10279387	1
10279388	1
10279389	1
10279390	1
10279391	1
10279392	2
10279393	2
10279394	2
10279395	2
10279396	2
10279397	2
10279398	2
10279399	2
10279400	2
10279401	2
10279402	2
10279403	2
10279404	3
10279405	3
10279406	3
10279407	3
10279408	3
10279409	3
10279500	3
10279501	3
10279502	3
10279503	3
10279504	3
10279505	3
10279506	3
10279507	3
10279508	3
10279509	3
10279510	3
10279511	3
10279512	3
10279513	3
10279514	3
10279515	3
10279516	3
10279517	3
10279518	3
10279519	3
10279520	3
10279521	3
10279522	3
10279523	3
10279524	3
10279525	3
10279526	3
10279527	3
10279528	3
10279529	3
10279530	3
10279531	3
10279532	3
10279533	3
10279534	3
10279535	3
10279536	3
10279537	3
10279538	3
10279539	3
10279540	3
10279541	3
10279542	3
10279543	3
10279544	3
10279545	3
10279546	3
10279547	3
10284003	1
10284004	2
10284013	1
10284014	2
10284023	1
10284024	2
10284033	1
10284034	2
10284043	1
10284044	2
10284053	1
10284054	2
10284061	1
10284062	1
10284063	1
10284064	1
10284065	1
10284066	1
10284071	2
10284072	2
10284073	2
10284074	2
10284075	2
10284076	2
10285001	2
10285002	2
10287003	1
10287013	1
10287023	1
10287033	1
10287043	1
10287053	1
10287061	1
10287062	1
10287063	1
10287064	1
10287065	1
10287066	1
10287072	1
10287073	1
10287074	2
10287082	1
10287083	1
10287084	2
10287100	2
10287101	2
10287102	2
10287103	2
10287104	2
10287105	2
10287110	2
10287111	2
10287112	2
10287113	2
10287114	2
10287115	2
10288020	1
10288021	2
10288024	1
10288025	2
10288028	1
10288029	2
10288032	1
10288033	2
10288036	1
10288037	2
10288040	1
10288041	2
10288042	1
10288043	1
10288044	1
10288045	1
10288046	1
10288047	1
10288048	2
10288049	2
10288050	2
10288051	2
10288052	2
10288053	2
10288056	1
10288059	1
10288062	1
10288065	1
10288068	1
10288071	1
10288072	1
10288073	1
10288074	1
10288075	1
10288076	1
10288077	1
10288078	2
10288079	2
10288080	2
10288081	2
10288082	2
10288083	2
10288084	2
10288085	2
10288086	2
10288087	2
10288088	2
10288089	2
10288100	3
10288101	3
10288102	3
10288103	3
10288104	3
10288105	3
10288106	3
10288107	3
10288108	3
10288109	3
10288110	3
10288111	3
10288112	3
10288113	3
10288114	3
10288115	3
10288116	3
10288117	3
10288118	3
10288119	3
10288120	3
10288121	3
10288122	3
10288123	3
10288124	3
10288125	3
10288126	3
10288127	3
10288128	3
10288129	3
10288130	3
10288131	3
10288132	3
10288133	3
10288134	3
10288135	3
10288136	3
10288137	3
10288138	3
10288139	3
10288140	3
10288141	3
10288142	3
10288143	3
10288144	3
10288145	3
10288146	3
10288147	3
10294003	1
10294004	2
10294013	1
10294014	2
10294023	1
10294024	2
10294033	1
10294034	2
10294043	1
10294044	2
10294053	1
10294054	2
10294061	1
10294062	1
10294063	1
10294064	1
10294065	1
10294066	1
10294071	2
10294072	2
10294073	2
10294074	2
10294075	2
10294076	2
10295001	2
10295002	2
10297003	1
10297013	1
10297023	1
10297033	1
10297043	1
10297053	1
10297061	1
10297062	1
10297063	1
10297064	1
10297065	1
10297066	1
10297072	1
10297073	1
10297074	2
10297082	1
10297083	1
10297084	2
10297100	2
10297101	2
10297102	2
10297103	2
10297104	2
10297105	2
10297110	2
10297111	2
10297112	2
10297113	2
10297114	2
10297115	2
10298020	1
10298021	2
10298024	1
10298025	2
10298028	1
10298029	2
10298032	1
10298033	2
10298036	1
10298037	2
10298040	1
10298041	2
10298042	1
10298043	1
10298044	1
10298045	1
10298046	1
10298047	1
10298048	2
10298049	2
10298050	2
10298051	2
10298052	2
10298053	2
10298056	1
10298059	1
10298062	1
10298065	1
10298068	1
10298071	1
10298072	1
10298073	1
10298074	1
10298075	1
10298076	1
10298077	1
10298078	2
10298079	2
10298080	2
10298081	2
10298082	2
10298083	2
10298084	2
10298085	2
10298086	2
10298087	2
10298088	2
10298089	2
10298100	3
10298101	3
10298102	3
10298103	3
10298104	3
10298105	3
10298106	3
10298107	3
10298108	3
10298109	3
10298110	3
10298111	3
10298112	3
10298113	3
10298114	3
10298115	3
10298116	3
10298117	3
10298118	3
10298119	3
10298120	3
10298121	3
10298122	3
10298123	3
10298124	3
10298125	3
10298126	3
10298127	3
10298128	3
10298129	3
10298130	3
10298131	3
10298132	3
10298133	3
10298134	3
10298135	3
10298136	3
10298137	3
10298138	3
10298139	3
10298140	3
10298141	3
10298142	3
10298143	3
10298144	3
10298145	3
10298146	3
10298147	3
10354003	1
10354004	2
10354005	3
10354100	1
10354101	2
10354102	3
10354200	1
10354301	1
10354302	1
10354303	1
10354401	2
10354402	2
10354403	3
10355003	1
10355004	2
10355005	3
10355100	1
10355101	2
10355102	3
10355200	1
10355301	1
10355302	1
10355303	1
10355401	2
10355402	2
10355403	3
10364003	1
10364004	2
10364005	3
10364100	1
10364101	2
10364102	3
10364200	1
10364301	1
10364302	1
10364303	1
10364401	2
10364402	2
10364403	3
10365003	1
10365004	2
10365005	3
10365100	1
10365101	2
10365102	3
10365200	1
10365301	1
10365302	1
10365303	1
10365401	2
10365402	2
10365403	3
10374003	1
10374004	2
10374005	3
10374100	1
10374101	2
10374102	3
10374200	1
10374301	1
10374302	1
10374303	1
10374401	2
10374402	2
10374403	3
10375003	1
10375004	2
10375005	3
10375100	1
10375101	2
10375102	3
10375200	1
10375301	1
10375302	1
10375303	1
10375401	2
10375402	2
10375403	3
10384003	1
10384004	2
10384005	3
10384100	1
10384101	2
10384102	3
10384200	1
10384301	1
10384302	1
10384303	1
10384401	2
10384402	2
10384403	3
10385003	1
10385004	2
10385005	3
10385100	1
10385101	2
10385102	3
10385200	1
10385301	1
10385302	1
10385303	1
10385401	2
10385402	2
10385403	3
10394003	1
10394004	2
10394005	3
10394100	1
10394101	2
10394102	3
10394200	1
10394301	1
10394302	1
10394303	1
10394401	2
10394402	2
10394403	3
10395003	1
10395004	2
10395005	3
10395100	1
10395101	2
10395102	3
10395200	1
10395301	1
10395302	1
10395303	1
10395401	2
10395402	2
10395403	3
10404003	1
10404004	2
10404005	3
10404100	1
10404101	2
10404102	3
10404200	1
10404301	1
10404302	1
10404303	1
10404401	2
10404402	2
10404403	3
10405003	1
10405004	2
10405005	3
10405100	1
10405101	2
10405102	3
10405200	1
10405301	1
10405302	1
10405303	1
10405401	2
10405402	2
10405403	3
10414003	1
10414004	2
10414005	3
10414100	1
10414101	2
10414102	3
10414200	1
10414301	1
10414302	1
10414303	1
10414401	2
10414402	2
10414403	3
10415003	1
10415004	2
10415005	3
10415100	1
10415101	2
10415102	3
10415200	1
10415301	1
10415302	1
10415303	1
10415401	2
10415402	2
10415403	3
10424003	1
10424004	2
10424005	3
10424100	1
10424101	2
10424102	3
10424200	1
10424301	1
10424302	1
10424303	1
10424401	2
10424402	2
10424403	3
10425003	1
10425004	2
10425005	3
10425100	1
10425101	2
10425102	3
10425200	1
10425301	1
10425302	1
10425303	1
10425401	2
10425402	2
10425403	3
10434003	1
10434004	2
10434005	3
10434100	1
10434101	2
10434102	3
10434200	1
10434301	1
10434302	1
10434303	1
10434401	2
10434402	2
10434403	3
10435003	1
10435004	2
10435005	3
10435100	1
10435101	2
10435102	3
10435200	1
10435301	1
10435302	1
10435303	1
10435401	2
10435402	2
10435403	3
10444003	1
10444004	2
10444005	3
10444100	1
10444101	2
10444102	3
10444200	1
10444301	1
10444302	1
10444303	1
10444401	2
10444402	2
10444403	3
10445003	1
10445004	2
10445005	3
10445100	1
10445101	2
10445102	3
10445200	1
10445301	1
10445302	1
10445303	1
10445401	2
10445402	2
10445403	3
10454003	1
10454004	2
10454005	3
10454100	1
10454101	2
10454102	3
10454200	1
10454301	1
10454302	1
10454303	1
10454401	2
10454402	2
10454403	3
10455003	1
10455004	2
10455005	3
10455100	1
10455101	2
10455102	3
10455200	1
10455301	1
10455302	1
10455303	1
10455401	2
10455402	2
10455403	3
10464003	1
10464004	2
10464005	3
10464100	1
10464101	2
10464102	3
10464200	1
10464301	1
10464302	1
10464303	1
10464401	2
10464402	2
10464403	3
10465003	1
10465004	2
10465005	3
10465100	1
10465101	2
10465102	3
10465200	1
10465301	1
10465302	1
10465303	1
10465401	2
10465402	2
10465403	3
