INT	INT	INT	INT	INT
物品编号	需求物品	所需金钱	等级需求	生成紫装编号
10014001	11000500	10000	20	10019801
10014002	11000500	10000	20	10019802
10014003	11000500	10000	20	10019803
10014004	11000500	10000	20	10019810
10019600	11000500	10000	20	10019804
10019700	11000500	10000	20	10019805
10019701	11000500	10000	20	10019811
10019850	11000500	10000	20	10019852
10019851	11000500	10000	20	10019853
10019900	11000500	10000	20	10019910
10019901	11000500	10000	20	10019911
10019902	11000500	10000	20	10019912
10019903	11000500	10000	20	10019913
10019904	11000500	10000	20	10019914
10019905	11000500	10000	20	10019915
10024001	11000500	10000	20	10028801
10024002	11000500	10000	20	10028802
10024003	11000500	10000	20	10028803
10024004	11000500	10000	20	10028810
10028600	11000500	10000	20	10028804
10028700	11000500	10000	20	10028805
10028701	11000500	10000	20	10028811
10028850	11000500	10000	20	10028852
10028851	11000500	10000	20	10028853
10029000	11000500	10000	20	10029010
10029001	11000500	10000	20	10029011
10029002	11000500	10000	20	10029012
10029003	11000500	10000	20	10029013
10029004	11000500	10000	20	10029014
10029005	11000500	10000	20	10029015
10034001	11000500	10000	20	10038801
10034002	11000500	10000	20	10038802
10034003	11000500	10000	20	10038803
10034004	11000500	10000	20	10038810
10038600	11000500	10000	20	10038804
10038700	11000500	10000	20	10038805
10038701	11000500	10000	20	10038811
10038850	11000500	10000	20	10038852
10038851	11000500	10000	20	10038853
10039000	11000500	10000	20	10039010
10039001	11000500	10000	20	10039011
10039002	11000500	10000	20	10039012
10039003	11000500	10000	20	10039013
10039004	11000500	10000	20	10039014
10039005	11000500	10000	20	10039015
10044001	11000500	10000	20	10048801
10044002	11000500	10000	20	10048802
10044003	11000500	10000	20	10048803
10044004	11000500	10000	20	10048810
10048600	11000500	10000	20	10048804
10048700	11000500	10000	20	10048805
10048701	11000500	10000	20	10048811
10048850	11000500	10000	20	10048852
10048851	11000500	10000	20	10048853
10049000	11000500	10000	20	10049010
10049001	11000500	10000	20	10049011
10049002	11000500	10000	20	10049012
10049003	11000500	10000	20	10049013
10049004	11000500	10000	20	10049014
10049005	11000500	10000	20	10049015
10054001	11000500	10000	20	10058801
10054002	11000500	10000	20	10058802
10054003	11000500	10000	20	10058803
10054004	11000500	10000	20	10058810
10058600	11000500	10000	20	10058804
10058700	11000500	10000	20	10058805
10058701	11000500	10000	20	10058811
10058850	11000500	10000	20	10058852
10058851	11000500	10000	20	10058853
10059000	11000500	10000	20	10059010
10059001	11000500	10000	20	10059011
10059002	11000500	10000	20	10059012
10059003	11000500	10000	20	10059013
10059004	11000500	10000	20	10059014
10059005	11000500	10000	20	10059015
10064001	11000500	10000	20	10068801
10064002	11000500	10000	20	10068802
10064003	11000500	10000	20	10068803
10064004	11000500	10000	20	10068810
10068600	11000500	10000	20	10068804
10068700	11000500	10000	20	10068805
10068701	11000500	10000	20	10068811
10068850	11000500	10000	20	10068852
10068851	11000500	10000	20	10068853
10069000	11000500	10000	20	10069010
10069001	11000500	10000	20	10069011
10069002	11000500	10000	20	10069012
10069003	11000500	10000	20	10069013
10069004	11000500	10000	20	10069014
10069005	11000500	10000	20	10069015
10074001	11000500	10000	20	10077801
10074002	11000500	10000	20	10077802
10074003	11000500	10000	20	10077803
10074004	11000500	10000	20	10077810
10077600	11000500	10000	20	10077804
10077700	11000500	10000	20	10077805
10077701	11000500	10000	20	10077811
10077850	11000500	10000	20	10077852
10077851	11000500	10000	20	10077853
10078000	11000500	10000	20	10078010
10078001	11000500	10000	20	10078011
10078002	11000500	10000	20	10078012
10078003	11000500	10000	20	10078013
10078004	11000500	10000	20	10078014
10078005	11000500	10000	20	10078015
10084001	11000500	10000	20	10087801
10084002	11000500	10000	20	10087802
10084003	11000500	10000	20	10087803
10084004	11000500	10000	20	10087810
10087600	11000500	10000	20	10087804
10087700	11000500	10000	20	10087805
10087701	11000500	10000	20	10087811
10087850	11000500	10000	20	10087852
10087851	11000500	10000	20	10087853
10088000	11000500	10000	20	10088010
10088001	11000500	10000	20	10088011
10088002	11000500	10000	20	10088012
10088003	11000500	10000	20	10088013
10088004	11000500	10000	20	10088014
10088005	11000500	10000	20	10088015
10094001	11000500	10000	20	10097801
10094002	11000500	10000	20	10097802
10094003	11000500	10000	20	10097803
10094004	11000500	10000	20	10097810
10097600	11000500	10000	20	10097804
10097700	11000500	10000	20	10097805
10097701	11000500	10000	20	10097811
10097850	11000500	10000	20	10097852
10097851	11000500	10000	20	10097853
10098000	11000500	10000	20	10098010
10098001	11000500	10000	20	10098011
10098002	11000500	10000	20	10098012
10098003	11000500	10000	20	10098013
10098004	11000500	10000	20	10098014
10098005	11000500	10000	20	10098015
10104001	11000500	10000	20	10107801
10104002	11000500	10000	20	10107802
10104003	11000500	10000	20	10107803
10104004	11000500	10000	20	10107810
10107600	11000500	10000	20	10107804
10107700	11000500	10000	20	10107805
10107701	11000500	10000	20	10107811
10107850	11000500	10000	20	10107852
10107851	11000500	10000	20	10107853
10108000	11000500	10000	20	10108010
10108001	11000500	10000	20	10108011
10108002	11000500	10000	20	10108012
10108003	11000500	10000	20	10108013
10108004	11000500	10000	20	10108014
10108005	11000500	10000	20	10108015
10114001	11000500	10000	20	10117801
10114002	11000500	10000	20	10117802
10114003	11000500	10000	20	10117803
10114004	11000500	10000	20	10117810
10117600	11000500	10000	20	10117804
10117700	11000500	10000	20	10117805
10117701	11000500	10000	20	10117811
10117850	11000500	10000	20	10117852
10117851	11000500	10000	20	10117853
10118000	11000500	10000	20	10118010
10118001	11000500	10000	20	10118011
10118002	11000500	10000	20	10118012
10118003	11000500	10000	20	10118013
10118004	11000500	10000	20	10118014
10118005	11000500	10000	20	10118015
10124001	11000500	10000	20	10127801
10124002	11000500	10000	20	10127802
10124003	11000500	10000	20	10127803
10124004	11000500	10000	20	10127810
10127600	11000500	10000	20	10127804
10127700	11000500	10000	20	10127805
10127701	11000500	10000	20	10127811
10127850	11000500	10000	20	10127852
10127851	11000500	10000	20	10127853
10128000	11000500	10000	20	10128010
10128001	11000500	10000	20	10128011
10128002	11000500	10000	20	10128012
10128003	11000500	10000	20	10128013
10128004	11000500	10000	20	10128014
10128005	11000500	10000	20	10128015
10204001	11000503	10000	20	10208801
10204002	11000503	10000	20	10208802
10204003	11000503	10000	20	10208803
10204004	11000503	10000	20	10208900
10204011	11000503	10000	20	10208811
10204012	11000503	10000	20	10208812
10204013	11000503	10000	20	10208813
10204014	11000503	10000	20	10208901
10204021	11000503	10000	20	10208821
10204022	11000503	10000	20	10208822
10204023	11000503	10000	20	10208823
10204024	11000503	10000	20	10208902
10204031	11000503	10000	20	10208831
10204032	11000503	10000	20	10208832
10204033	11000503	10000	20	10208833
10204034	11000503	10000	20	10208903
10204041	11000503	10000	20	10208841
10204042	11000503	10000	20	10208842
10204043	11000503	10000	20	10208843
10204044	11000503	10000	20	10208904
10204051	11000503	10000	20	10208851
10204052	11000503	10000	20	10208852
10204053	11000503	10000	20	10208853
10204054	11000503	10000	20	10208905
10204061	11000503	10000	20	10209272
10204062	11000503	10000	20	10209273
10204063	11000503	10000	20	10209274
10204064	11000503	10000	20	10209302
10204071	11000503	10000	20	10209277
10204072	11000503	10000	20	10209278
10204073	11000503	10000	20	10209279
10204074	11000503	10000	20	10209303
10204081	11000503	10000	20	10209282
10204082	11000503	10000	20	10209283
10204083	11000503	10000	20	10209284
10204084	11000503	10000	20	10209304
10204091	11000503	10000	20	10209287
10204092	11000503	10000	20	10209288
10204093	11000503	10000	20	10209289
10204094	11000503	10000	20	10209305
10204101	11000503	10000	20	10209292
10204102	11000503	10000	20	10209293
10204103	11000503	10000	20	10209294
10204104	11000503	10000	20	10209306
10204111	11000503	10000	20	10209297
10204112	11000503	10000	20	10209298
10204113	11000503	10000	20	10209299
10204114	11000503	10000	20	10209307
10208600	11000503	10000	20	10208804
10208610	11000503	10000	20	10208814
10208620	11000503	10000	20	10208824
10208630	11000503	10000	20	10208834
10208640	11000503	10000	20	10208844
10208650	11000503	10000	20	10208854
10208700	11000503	10000	20	10208805
10208710	11000503	10000	20	10208815
10208720	11000503	10000	20	10208825
10208730	11000503	10000	20	10208835
10208740	11000503	10000	20	10208845
10208750	11000503	10000	20	10208855
10208760	11000503	10000	20	10208910
10208761	11000503	10000	20	10208911
10208762	11000503	10000	20	10208912
10208763	11000503	10000	20	10208913
10208764	11000503	10000	20	10208914
10208765	11000503	10000	20	10208915
10209000	11000503	10000	20	10209100
10209001	11000503	10000	20	10209101
10209002	11000503	10000	20	10209102
10209003	11000503	10000	20	10209103
10209004	11000503	10000	20	10209104
10209005	11000503	10000	20	10209105
10209006	11000503	10000	20	10209106
10209007	11000503	10000	20	10209107
10209008	11000503	10000	20	10209108
10209009	11000503	10000	20	10209109
10209010	11000503	10000	20	10209110
10209011	11000503	10000	20	10209111
10209012	11000503	10000	20	10209112
10209013	11000503	10000	20	10209113
10209014	11000503	10000	20	10209114
10209015	11000503	10000	20	10209115
10209016	11000503	10000	20	10209116
10209017	11000503	10000	20	10209117
10209018	11000503	10000	20	10209118
10209019	11000503	10000	20	10209119
10209020	11000503	10000	20	10209120
10209021	11000503	10000	20	10209121
10209022	11000503	10000	20	10209122
10209023	11000503	10000	20	10209123
10209024	11000503	10000	20	10209124
10209025	11000503	10000	20	10209125
10209026	11000503	10000	20	10209126
10209027	11000503	10000	20	10209127
10209028	11000503	10000	20	10209128
10209029	11000503	10000	20	10209129
10209030	11000503	10000	20	10209130
10209031	11000503	10000	20	10209131
10209032	11000503	10000	20	10209132
10209033	11000503	10000	20	10209133
10209034	11000503	10000	20	10209134
10209035	11000503	10000	20	10209135
10209254	11000503	10000	20	10209275
10209255	11000503	10000	20	10209280
10209256	11000503	10000	20	10209285
10209257	11000503	10000	20	10209290
10209258	11000503	10000	20	10209295
10209259	11000503	10000	20	10209300
10209260	11000503	10000	20	10209276
10209261	11000503	10000	20	10209281
10209262	11000503	10000	20	10209286
10209263	11000503	10000	20	10209291
10209264	11000503	10000	20	10209296
10209265	11000503	10000	20	10209301
10209266	11000503	10000	20	10209308
10209267	11000503	10000	20	10209309
10209268	11000503	10000	20	10209310
10209269	11000503	10000	20	10209311
10209270	11000503	10000	20	10209312
10209271	11000503	10000	20	10209313
10209314	11000503	10000	20	10209350
10209315	11000503	10000	20	10209351
10209316	11000503	10000	20	10209352
10209317	11000503	10000	20	10209353
10209318	11000503	10000	20	10209354
10209319	11000503	10000	20	10209355
10209320	11000503	10000	20	10209356
10209321	11000503	10000	20	10209357
10209322	11000503	10000	20	10209358
10209323	11000503	10000	20	10209359
10209324	11000503	10000	20	10209360
10209325	11000503	10000	20	10209361
10209326	11000503	10000	20	10209362
10209327	11000503	10000	20	10209363
10209328	11000503	10000	20	10209364
10209329	11000503	10000	20	10209365
10209330	11000503	10000	20	10209366
10209331	11000503	10000	20	10209367
10209332	11000503	10000	20	10209368
10209333	11000503	10000	20	10209369
10209334	11000503	10000	20	10209370
10209335	11000503	10000	20	10209371
10209336	11000503	10000	20	10209372
10209337	11000503	10000	20	10209373
10209338	11000503	10000	20	10209374
10209339	11000503	10000	20	10209375
10209340	11000503	10000	20	10209376
10209341	11000503	10000	20	10209377
10209342	11000503	10000	20	10209378
10209343	11000503	10000	20	10209379
10209344	11000503	10000	20	10209380
10209345	11000503	10000	20	10209381
10209346	11000503	10000	20	10209382
10209347	11000503	10000	20	10209383
10209348	11000503	10000	20	10209384
10209349	11000503	10000	20	10209385
10209500	11000503	10000	20	10209524
10209501	11000503	10000	20	10209525
10209502	11000503	10000	20	10209526
10209503	11000503	10000	20	10209527
10209504	11000503	10000	20	10209528
10209505	11000503	10000	20	10209529
10209506	11000503	10000	20	10209530
10209507	11000503	10000	20	10209531
10209508	11000503	10000	20	10209532
10209509	11000503	10000	20	10209533
10209510	11000503	10000	20	10209534
10209511	11000503	10000	20	10209535
10209512	11000503	10000	20	10209536
10209513	11000503	10000	20	10209537
10209514	11000503	10000	20	10209538
10209515	11000503	10000	20	10209539
10209516	11000503	10000	20	10209540
10209517	11000503	10000	20	10209541
10209518	11000503	10000	20	10209542
10209519	11000503	10000	20	10209543
10209520	11000503	10000	20	10209544
10209521	11000503	10000	20	10209545
10209522	11000503	10000	20	10209546
10209523	11000503	10000	20	10209547
10213100	11000500	10000	20	10217000
10213101	11000500	10000	20	10217001
10213102	11000500	10000	20	10217002
10213103	11000500	10000	20	10217003
10213104	11000500	10000	20	10217004
10213105	11000500	10000	20	10217005
10213106	11000500	10000	20	10217006
10213200	11000500	10000	20	10217100
10213201	11000500	10000	20	10217101
10213202	11000500	10000	20	10217102
10213203	11000500	10000	20	10217103
10221105	11000503	10000	20	10227100
10221108	11000503	10000	20	10227101
10221109	11000503	10000	20	10227103
10221110	11000503	10000	20	10227102
10221111	11000503	10000	20	10227104
10221112	11000503	10000	20	10227105
10221113	11000503	10000	20	10227106
10234001	11000503	10000	20	10238801
10234002	11000503	10000	20	10238802
10234003	11000503	10000	20	10238803
10234004	11000503	10000	20	10238900
10234011	11000503	10000	20	10238811
10234012	11000503	10000	20	10238812
10234013	11000503	10000	20	10238813
10234014	11000503	10000	20	10238901
10234021	11000503	10000	20	10238821
10234022	11000503	10000	20	10238822
10234023	11000503	10000	20	10238823
10234024	11000503	10000	20	10238902
10234031	11000503	10000	20	10238831
10234032	11000503	10000	20	10238832
10234033	11000503	10000	20	10238833
10234034	11000503	10000	20	10238903
10234041	11000503	10000	20	10238841
10234042	11000503	10000	20	10238842
10234043	11000503	10000	20	10238843
10234044	11000503	10000	20	10238904
10234051	11000503	10000	20	10238851
10234052	11000503	10000	20	10238852
10234053	11000503	10000	20	10238853
10234054	11000503	10000	20	10238905
10238600	11000503	10000	20	10238804
10238610	11000503	10000	20	10238814
10238620	11000503	10000	20	10238824
10238630	11000503	10000	20	10238834
10238640	11000503	10000	20	10238844
10238650	11000503	10000	20	10238854
10238700	11000503	10000	20	10238805
10238710	11000503	10000	20	10238815
10238720	11000503	10000	20	10238825
10238730	11000503	10000	20	10238835
10238740	11000503	10000	20	10238845
10238750	11000503	10000	20	10238855
10238760	11000503	10000	20	10238910
10238761	11000503	10000	20	10238911
10238762	11000503	10000	20	10238912
10238763	11000503	10000	20	10238913
10238764	11000503	10000	20	10238914
10238765	11000503	10000	20	10238915
10239000	11000503	10000	20	10239100
10239001	11000503	10000	20	10239101
10239002	11000503	10000	20	10239102
10239003	11000503	10000	20	10239103
10239004	11000503	10000	20	10239104
10239005	11000503	10000	20	10239105
10239006	11000503	10000	20	10239106
10239007	11000503	10000	20	10239107
10239008	11000503	10000	20	10239108
10239009	11000503	10000	20	10239109
10239010	11000503	10000	20	10239110
10239011	11000503	10000	20	10239111
10239012	11000503	10000	20	10239112
10239013	11000503	10000	20	10239113
10239014	11000503	10000	20	10239114
10239015	11000503	10000	20	10239115
10239016	11000503	10000	20	10239116
10239017	11000503	10000	20	10239117
10239018	11000503	10000	20	10239118
10239019	11000503	10000	20	10239119
10239020	11000503	10000	20	10239120
10239021	11000503	10000	20	10239121
10239022	11000503	10000	20	10239122
10239023	11000503	10000	20	10239123
10239024	11000503	10000	20	10239124
10239025	11000503	10000	20	10239125
10239026	11000503	10000	20	10239126
10239027	11000503	10000	20	10239127
10239028	11000503	10000	20	10239128
10239029	11000503	10000	20	10239129
10239030	11000503	10000	20	10239130
10239031	11000503	10000	20	10239131
10239032	11000503	10000	20	10239132
10239033	11000503	10000	20	10239133
10239034	11000503	10000	20	10239134
10239035	11000503	10000	20	10239135
10239218	11000503	10000	20	10239296
10239219	11000503	10000	20	10239297
10239220	11000503	10000	20	10239298
10239221	11000503	10000	20	10239326
10239222	11000503	10000	20	10239301
10239223	11000503	10000	20	10239302
10239224	11000503	10000	20	10239303
10239225	11000503	10000	20	10239327
10239226	11000503	10000	20	10239306
10239227	11000503	10000	20	10239307
10239228	11000503	10000	20	10239308
10239229	11000503	10000	20	10239328
10239230	11000503	10000	20	10239311
10239231	11000503	10000	20	10239312
10239232	11000503	10000	20	10239313
10239233	11000503	10000	20	10239329
10239234	11000503	10000	20	10239316
10239235	11000503	10000	20	10239317
10239236	11000503	10000	20	10239318
10239237	11000503	10000	20	10239330
10239238	11000503	10000	20	10239321
10239239	11000503	10000	20	10239322
10239240	11000503	10000	20	10239323
10239241	11000503	10000	20	10239331
10239278	11000503	10000	20	10239299
10239279	11000503	10000	20	10239304
10239280	11000503	10000	20	10239309
10239281	11000503	10000	20	10239314
10239282	11000503	10000	20	10239319
10239283	11000503	10000	20	10239324
10239284	11000503	10000	20	10239300
10239285	11000503	10000	20	10239305
10239286	11000503	10000	20	10239310
10239287	11000503	10000	20	10239315
10239288	11000503	10000	20	10239320
10239289	11000503	10000	20	10239325
10239290	11000503	10000	20	10239332
10239291	11000503	10000	20	10239333
10239292	11000503	10000	20	10239334
10239293	11000503	10000	20	10239335
10239294	11000503	10000	20	10239336
10239295	11000503	10000	20	10239337
10239338	11000503	10000	20	10239374
10239339	11000503	10000	20	10239375
10239340	11000503	10000	20	10239376
10239341	11000503	10000	20	10239377
10239342	11000503	10000	20	10239378
10239343	11000503	10000	20	10239379
10239344	11000503	10000	20	10239380
10239345	11000503	10000	20	10239381
10239346	11000503	10000	20	10239382
10239347	11000503	10000	20	10239383
10239348	11000503	10000	20	10239384
10239349	11000503	10000	20	10239385
10239350	11000503	10000	20	10239386
10239351	11000503	10000	20	10239387
10239352	11000503	10000	20	10239388
10239353	11000503	10000	20	10239389
10239354	11000503	10000	20	10239390
10239355	11000503	10000	20	10239391
10239356	11000503	10000	20	10239392
10239357	11000503	10000	20	10239393
10239358	11000503	10000	20	10239394
10239359	11000503	10000	20	10239395
10239360	11000503	10000	20	10239396
10239361	11000503	10000	20	10239397
10239362	11000503	10000	20	10239398
10239363	11000503	10000	20	10239399
10239364	11000503	10000	20	10239400
10239365	11000503	10000	20	10239401
10239366	11000503	10000	20	10239402
10239367	11000503	10000	20	10239403
10239368	11000503	10000	20	10239404
10239369	11000503	10000	20	10239405
10239370	11000503	10000	20	10239406
10239371	11000503	10000	20	10239407
10239372	11000503	10000	20	10239408
10239373	11000503	10000	20	10239409
10239500	11000503	10000	20	10239524
10239501	11000503	10000	20	10239525
10239502	11000503	10000	20	10239526
10239503	11000503	10000	20	10239527
10239504	11000503	10000	20	10239528
10239505	11000503	10000	20	10239529
10239506	11000503	10000	20	10239530
10239507	11000503	10000	20	10239531
10239508	11000503	10000	20	10239532
10239509	11000503	10000	20	10239533
10239510	11000503	10000	20	10239534
10239511	11000503	10000	20	10239535
10239512	11000503	10000	20	10239536
10239513	11000503	10000	20	10239537
10239514	11000503	10000	20	10239538
10239515	11000503	10000	20	10239539
10239516	11000503	10000	20	10239540
10239517	11000503	10000	20	10239541
10239518	11000503	10000	20	10239542
10239519	11000503	10000	20	10239543
10239520	11000503	10000	20	10239544
10239521	11000503	10000	20	10239545
10239522	11000503	10000	20	10239546
10239523	11000503	10000	20	10239547
10244001	11000502	10000	20	10248801
10244002	11000502	10000	20	10248802
10244003	11000502	10000	20	10248803
10244004	11000502	10000	20	10248900
10244011	11000502	10000	20	10248811
10244012	11000502	10000	20	10248812
10244013	11000502	10000	20	10248813
10244014	11000502	10000	20	10248901
10244021	11000502	10000	20	10248821
10244022	11000502	10000	20	10248822
10244023	11000502	10000	20	10248823
10244024	11000502	10000	20	10248902
10244031	11000502	10000	20	10248831
10244032	11000502	10000	20	10248832
10244033	11000502	10000	20	10248833
10244034	11000502	10000	20	10248903
10244041	11000502	10000	20	10248841
10244042	11000502	10000	20	10248842
10244043	11000502	10000	20	10248843
10244044	11000502	10000	20	10248904
10244051	11000502	10000	20	10248851
10244052	11000502	10000	20	10248852
10244053	11000502	10000	20	10248853
10244054	11000502	10000	20	10248905
10246092	11000502	10000	20	10248856
10248600	11000502	10000	20	10248804
10248610	11000502	10000	20	10248814
10248620	11000502	10000	20	10248824
10248630	11000502	10000	20	10248834
10248640	11000502	10000	20	10248844
10248650	11000502	10000	20	10248854
10248700	11000502	10000	20	10248805
10248710	11000502	10000	20	10248815
10248720	11000502	10000	20	10248825
10248730	11000502	10000	20	10248835
10248740	11000502	10000	20	10248845
10248750	11000502	10000	20	10248855
10248760	11000502	10000	20	10248910
10248761	11000502	10000	20	10248911
10248762	11000502	10000	20	10248912
10248763	11000502	10000	20	10248913
10248764	11000502	10000	20	10248914
10248765	11000502	10000	20	10248915
10249000	11000502	10000	20	10249100
10249001	11000502	10000	20	10249101
10249002	11000502	10000	20	10249102
10249003	11000502	10000	20	10249103
10249004	11000502	10000	20	10249104
10249005	11000502	10000	20	10249105
10249006	11000502	10000	20	10249106
10249007	11000502	10000	20	10249107
10249008	11000502	10000	20	10249108
10249009	11000502	10000	20	10249109
10249010	11000502	10000	20	10249110
10249011	11000502	10000	20	10249111
10249012	11000502	10000	20	10249112
10249013	11000502	10000	20	10249113
10249014	11000502	10000	20	10249114
10249015	11000502	10000	20	10249115
10249016	11000502	10000	20	10249116
10249017	11000502	10000	20	10249117
10249018	11000502	10000	20	10249118
10249019	11000502	10000	20	10249119
10249020	11000502	10000	20	10249120
10249021	11000502	10000	20	10249121
10249022	11000502	10000	20	10249122
10249023	11000502	10000	20	10249123
10249024	11000502	10000	20	10249124
10249025	11000502	10000	20	10249125
10249026	11000502	10000	20	10249126
10249027	11000502	10000	20	10249127
10249028	11000502	10000	20	10249128
10249029	11000502	10000	20	10249129
10249030	11000502	10000	20	10249130
10249031	11000502	10000	20	10249131
10249032	11000502	10000	20	10249132
10249033	11000502	10000	20	10249133
10249034	11000502	10000	20	10249134
10249035	11000502	10000	20	10249135
10249218	11000502	10000	20	10249296
10249219	11000502	10000	20	10249297
10249220	11000502	10000	20	10249298
10249221	11000502	10000	20	10249326
10249222	11000502	10000	20	10249301
10249223	11000502	10000	20	10249302
10249224	11000502	10000	20	10249303
10249225	11000502	10000	20	10249327
10249226	11000502	10000	20	10249306
10249227	11000502	10000	20	10249307
10249228	11000502	10000	20	10249308
10249229	11000502	10000	20	10249328
10249230	11000502	10000	20	10249311
10249231	11000502	10000	20	10249312
10249232	11000502	10000	20	10249313
10249233	11000502	10000	20	10249329
10249234	11000502	10000	20	10249316
10249235	11000502	10000	20	10249317
10249236	11000502	10000	20	10249318
10249237	11000502	10000	20	10249330
10249238	11000502	10000	20	10249321
10249239	11000502	10000	20	10249322
10249240	11000502	10000	20	10249323
10249241	11000502	10000	20	10249331
10249278	11000502	10000	20	10249299
10249279	11000502	10000	20	10249304
10249280	11000502	10000	20	10249309
10249281	11000502	10000	20	10249314
10249282	11000502	10000	20	10249319
10249283	11000502	10000	20	10249324
10249284	11000502	10000	20	10249300
10249285	11000502	10000	20	10249305
10249286	11000502	10000	20	10249310
10249287	11000502	10000	20	10249315
10249288	11000502	10000	20	10249320
10249289	11000502	10000	20	10249325
10249290	11000502	10000	20	10249332
10249291	11000502	10000	20	10249333
10249292	11000502	10000	20	10249334
10249293	11000502	10000	20	10249335
10249294	11000502	10000	20	10249336
10249295	11000502	10000	20	10249337
10249338	11000502	10000	20	10249374
10249339	11000502	10000	20	10249375
10249340	11000502	10000	20	10249376
10249341	11000502	10000	20	10249377
10249342	11000502	10000	20	10249378
10249343	11000502	10000	20	10249379
10249344	11000502	10000	20	10249380
10249345	11000502	10000	20	10249381
10249346	11000502	10000	20	10249382
10249347	11000502	10000	20	10249383
10249348	11000502	10000	20	10249384
10249349	11000502	10000	20	10249385
10249350	11000502	10000	20	10249386
10249351	11000502	10000	20	10249387
10249352	11000502	10000	20	10249388
10249353	11000502	10000	20	10249389
10249354	11000502	10000	20	10249390
10249355	11000502	10000	20	10249391
10249356	11000502	10000	20	10249392
10249357	11000502	10000	20	10249393
10249358	11000502	10000	20	10249394
10249359	11000502	10000	20	10249395
10249360	11000502	10000	20	10249396
10249361	11000502	10000	20	10249397
10249362	11000502	10000	20	10249398
10249363	11000502	10000	20	10249399
10249364	11000502	10000	20	10249400
10249365	11000502	10000	20	10249401
10249366	11000502	10000	20	10249402
10249367	11000502	10000	20	10249403
10249368	11000502	10000	20	10249404
10249369	11000502	10000	20	10249405
10249370	11000502	10000	20	10249406
10249371	11000502	10000	20	10249407
10249372	11000502	10000	20	10249408
10249373	11000502	10000	20	10249409
10249500	11000502	10000	20	10249524
10249501	11000502	10000	20	10249525
10249502	11000502	10000	20	10249526
10249503	11000502	10000	20	10249527
10249504	11000502	10000	20	10249528
10249505	11000502	10000	20	10249529
10249506	11000502	10000	20	10249530
10249507	11000502	10000	20	10249531
10249508	11000502	10000	20	10249532
10249509	11000502	10000	20	10249533
10249510	11000502	10000	20	10249534
10249511	11000502	10000	20	10249535
10249512	11000502	10000	20	10249536
10249513	11000502	10000	20	10249537
10249514	11000502	10000	20	10249538
10249515	11000502	10000	20	10249539
10249516	11000502	10000	20	10249540
10249517	11000502	10000	20	10249541
10249518	11000502	10000	20	10249542
10249519	11000502	10000	20	10249543
10249520	11000502	10000	20	10249544
10249521	11000502	10000	20	10249545
10249522	11000502	10000	20	10249546
10249523	11000502	10000	20	10249547
10254001	11000504	10000	20	10258801
10254002	11000504	10000	20	10258802
10254003	11000504	10000	20	10258803
10254004	11000504	10000	20	10258900
10254011	11000504	10000	20	10258811
10254012	11000504	10000	20	10258812
10254013	11000504	10000	20	10258813
10254014	11000504	10000	20	10258901
10254021	11000504	10000	20	10258821
10254022	11000504	10000	20	10258822
10254023	11000504	10000	20	10258823
10254024	11000504	10000	20	10258902
10254031	11000504	10000	20	10258831
10254032	11000504	10000	20	10258832
10254033	11000504	10000	20	10258833
10254034	11000504	10000	20	10258903
10254041	11000504	10000	20	10258841
10254042	11000504	10000	20	10258842
10254043	11000504	10000	20	10258843
10254044	11000504	10000	20	10258904
10254051	11000504	10000	20	10258851
10254052	11000504	10000	20	10258852
10254053	11000504	10000	20	10258853
10254054	11000504	10000	20	10258905
10258600	11000504	10000	20	10258804
10258610	11000504	10000	20	10258814
10258620	11000504	10000	20	10258824
10258630	11000504	10000	20	10258834
10258640	11000504	10000	20	10258844
10258650	11000504	10000	20	10258854
10258700	11000504	10000	20	10258805
10258710	11000504	10000	20	10258815
10258720	11000504	10000	20	10258825
10258730	11000504	10000	20	10258835
10258740	11000504	10000	20	10258845
10258750	11000504	10000	20	10258855
10258760	11000504	10000	20	10258910
10258761	11000504	10000	20	10258911
10258762	11000504	10000	20	10258912
10258763	11000504	10000	20	10258913
10258764	11000504	10000	20	10258914
10258765	11000504	10000	20	10258915
10259000	11000504	10000	20	10259100
10259001	11000504	10000	20	10259101
10259002	11000504	10000	20	10259102
10259003	11000504	10000	20	10259103
10259004	11000504	10000	20	10259104
10259005	11000504	10000	20	10259105
10259006	11000504	10000	20	10259106
10259007	11000504	10000	20	10259107
10259008	11000504	10000	20	10259108
10259009	11000504	10000	20	10259109
10259010	11000504	10000	20	10259110
10259011	11000504	10000	20	10259111
10259012	11000504	10000	20	10259112
10259013	11000504	10000	20	10259113
10259014	11000504	10000	20	10259114
10259015	11000504	10000	20	10259115
10259016	11000504	10000	20	10259116
10259017	11000504	10000	20	10259117
10259018	11000504	10000	20	10259118
10259019	11000504	10000	20	10259119
10259020	11000504	10000	20	10259120
10259021	11000504	10000	20	10259121
10259022	11000504	10000	20	10259122
10259023	11000504	10000	20	10259123
10259024	11000504	10000	20	10259124
10259025	11000504	10000	20	10259125
10259026	11000504	10000	20	10259126
10259027	11000504	10000	20	10259127
10259028	11000504	10000	20	10259128
10259029	11000504	10000	20	10259129
10259030	11000504	10000	20	10259130
10259031	11000504	10000	20	10259131
10259032	11000504	10000	20	10259132
10259033	11000504	10000	20	10259133
10259034	11000504	10000	20	10259134
10259035	11000504	10000	20	10259135
10259218	11000504	10000	20	10259296
10259219	11000504	10000	20	10259297
10259220	11000504	10000	20	10259298
10259221	11000504	10000	20	10259326
10259222	11000504	10000	20	10259301
10259223	11000504	10000	20	10259302
10259224	11000504	10000	20	10259303
10259225	11000504	10000	20	10259327
10259226	11000504	10000	20	10259306
10259227	11000504	10000	20	10259307
10259228	11000504	10000	20	10259308
10259229	11000504	10000	20	10259328
10259230	11000504	10000	20	10259311
10259231	11000504	10000	20	10259312
10259232	11000504	10000	20	10259313
10259233	11000504	10000	20	10259329
10259234	11000504	10000	20	10259316
10259235	11000504	10000	20	10259317
10259236	11000504	10000	20	10259318
10259237	11000504	10000	20	10259330
10259238	11000504	10000	20	10259321
10259239	11000504	10000	20	10259322
10259240	11000504	10000	20	10259323
10259241	11000504	10000	20	10259331
10259278	11000504	10000	20	10259299
10259279	11000504	10000	20	10259304
10259280	11000504	10000	20	10259309
10259281	11000504	10000	20	10259314
10259282	11000504	10000	20	10259319
10259283	11000504	10000	20	10259324
10259284	11000504	10000	20	10259300
10259285	11000504	10000	20	10259305
10259286	11000504	10000	20	10259310
10259287	11000504	10000	20	10259315
10259288	11000504	10000	20	10259320
10259289	11000504	10000	20	10259325
10259290	11000504	10000	20	10259332
10259291	11000504	10000	20	10259333
10259292	11000504	10000	20	10259334
10259293	11000504	10000	20	10259335
10259294	11000504	10000	20	10259336
10259295	11000504	10000	20	10259337
10259338	11000504	10000	20	10259374
10259339	11000504	10000	20	10259375
10259340	11000504	10000	20	10259376
10259341	11000504	10000	20	10259377
10259342	11000504	10000	20	10259378
10259343	11000504	10000	20	10259379
10259344	11000504	10000	20	10259380
10259345	11000504	10000	20	10259381
10259346	11000504	10000	20	10259382
10259347	11000504	10000	20	10259383
10259348	11000504	10000	20	10259384
10259349	11000504	10000	20	10259385
10259350	11000504	10000	20	10259386
10259351	11000504	10000	20	10259387
10259352	11000504	10000	20	10259388
10259353	11000504	10000	20	10259389
10259354	11000504	10000	20	10259390
10259355	11000504	10000	20	10259391
10259356	11000504	10000	20	10259392
10259357	11000504	10000	20	10259393
10259358	11000504	10000	20	10259394
10259359	11000504	10000	20	10259395
10259360	11000504	10000	20	10259396
10259361	11000504	10000	20	10259397
10259362	11000504	10000	20	10259398
10259363	11000504	10000	20	10259399
10259364	11000504	10000	20	10259400
10259365	11000504	10000	20	10259401
10259366	11000504	10000	20	10259402
10259367	11000504	10000	20	10259403
10259368	11000504	10000	20	10259404
10259369	11000504	10000	20	10259405
10259370	11000504	10000	20	10259406
10259371	11000504	10000	20	10259407
10259372	11000504	10000	20	10259408
10259373	11000504	10000	20	10259409
10259500	11000504	10000	20	10259524
10259501	11000504	10000	20	10259525
10259502	11000504	10000	20	10259526
10259503	11000504	10000	20	10259527
10259504	11000504	10000	20	10259528
10259505	11000504	10000	20	10259529
10259506	11000504	10000	20	10259530
10259507	11000504	10000	20	10259531
10259508	11000504	10000	20	10259532
10259509	11000504	10000	20	10259533
10259510	11000504	10000	20	10259534
10259511	11000504	10000	20	10259535
10259512	11000504	10000	20	10259536
10259513	11000504	10000	20	10259537
10259514	11000504	10000	20	10259538
10259515	11000504	10000	20	10259539
10259516	11000504	10000	20	10259540
10259517	11000504	10000	20	10259541
10259518	11000504	10000	20	10259542
10259519	11000504	10000	20	10259543
10259520	11000504	10000	20	10259544
10259521	11000504	10000	20	10259545
10259522	11000504	10000	20	10259546
10259523	11000504	10000	20	10259547
10264001	11000503	10000	20	10268801
10264002	11000503	10000	20	10268802
10264003	11000503	10000	20	10268803
10264004	11000503	10000	20	10268900
10264011	11000503	10000	20	10268811
10264012	11000503	10000	20	10268812
10264013	11000503	10000	20	10268813
10264014	11000503	10000	20	10268901
10264021	11000503	10000	20	10268821
10264022	11000503	10000	20	10268822
10264023	11000503	10000	20	10268823
10264024	11000503	10000	20	10268902
10264031	11000503	10000	20	10268831
10264032	11000503	10000	20	10268832
10264033	11000503	10000	20	10268833
10264034	11000503	10000	20	10268903
10264041	11000503	10000	20	10268841
10264042	11000503	10000	20	10268842
10264043	11000503	10000	20	10268843
10264044	11000503	10000	20	10268904
10264051	11000503	10000	20	10268851
10264052	11000503	10000	20	10268852
10264053	11000503	10000	20	10268853
10264054	11000503	10000	20	10268905
10268600	11000503	10000	20	10268804
10268610	11000503	10000	20	10268814
10268620	11000503	10000	20	10268824
10268630	11000503	10000	20	10268834
10268640	11000503	10000	20	10268844
10268650	11000503	10000	20	10268854
10268700	11000503	10000	20	10268805
10268710	11000503	10000	20	10268815
10268720	11000503	10000	20	10268825
10268730	11000503	10000	20	10268835
10268740	11000503	10000	20	10268845
10268750	11000503	10000	20	10268855
10268760	11000503	10000	20	10268910
10268761	11000503	10000	20	10268911
10268762	11000503	10000	20	10268912
10268763	11000503	10000	20	10268913
10268764	11000503	10000	20	10268914
10268765	11000503	10000	20	10268915
10269000	11000503	10000	20	10269100
10269001	11000503	10000	20	10269101
10269002	11000503	10000	20	10269102
10269003	11000503	10000	20	10269103
10269004	11000503	10000	20	10269104
10269005	11000503	10000	20	10269105
10269006	11000503	10000	20	10269106
10269007	11000503	10000	20	10269107
10269008	11000503	10000	20	10269108
10269009	11000503	10000	20	10269109
10269010	11000503	10000	20	10269110
10269011	11000503	10000	20	10269111
10269012	11000503	10000	20	10269112
10269013	11000503	10000	20	10269113
10269014	11000503	10000	20	10269114
10269015	11000503	10000	20	10269115
10269016	11000503	10000	20	10269116
10269017	11000503	10000	20	10269117
10269018	11000503	10000	20	10269118
10269019	11000503	10000	20	10269119
10269020	11000503	10000	20	10269120
10269021	11000503	10000	20	10269121
10269022	11000503	10000	20	10269122
10269023	11000503	10000	20	10269123
10269024	11000503	10000	20	10269124
10269025	11000503	10000	20	10269125
10269026	11000503	10000	20	10269126
10269027	11000503	10000	20	10269127
10269028	11000503	10000	20	10269128
10269029	11000503	10000	20	10269129
10269030	11000503	10000	20	10269130
10269031	11000503	10000	20	10269131
10269032	11000503	10000	20	10269132
10269033	11000503	10000	20	10269133
10269034	11000503	10000	20	10269134
10269035	11000503	10000	20	10269135
10269218	11000503	10000	20	10269296
10269219	11000503	10000	20	10269297
10269220	11000503	10000	20	10269298
10269221	11000503	10000	20	10269326
10269222	11000503	10000	20	10269301
10269223	11000503	10000	20	10269302
10269224	11000503	10000	20	10269303
10269225	11000503	10000	20	10269327
10269226	11000503	10000	20	10269306
10269227	11000503	10000	20	10269307
10269228	11000503	10000	20	10269308
10269229	11000503	10000	20	10269328
10269230	11000503	10000	20	10269311
10269231	11000503	10000	20	10269312
10269232	11000503	10000	20	10269313
10269233	11000503	10000	20	10269329
10269234	11000503	10000	20	10269316
10269235	11000503	10000	20	10269317
10269236	11000503	10000	20	10269318
10269237	11000503	10000	20	10269330
10269238	11000503	10000	20	10269321
10269239	11000503	10000	20	10269322
10269240	11000503	10000	20	10269323
10269241	11000503	10000	20	10269331
10269278	11000503	10000	20	10269299
10269279	11000503	10000	20	10269304
10269280	11000503	10000	20	10269309
10269281	11000503	10000	20	10269314
10269282	11000503	10000	20	10269319
10269283	11000503	10000	20	10269324
10269284	11000503	10000	20	10269300
10269285	11000503	10000	20	10269305
10269286	11000503	10000	20	10269310
10269287	11000503	10000	20	10269315
10269288	11000503	10000	20	10269320
10269289	11000503	10000	20	10269325
10269290	11000503	10000	20	10269332
10269291	11000503	10000	20	10269333
10269292	11000503	10000	20	10269334
10269293	11000503	10000	20	10269335
10269294	11000503	10000	20	10269336
10269295	11000503	10000	20	10269337
10269338	11000503	10000	20	10269374
10269339	11000503	10000	20	10269375
10269340	11000503	10000	20	10269376
10269341	11000503	10000	20	10269377
10269342	11000503	10000	20	10269378
10269343	11000503	10000	20	10269379
10269344	11000503	10000	20	10269380
10269345	11000503	10000	20	10269381
10269346	11000503	10000	20	10269382
10269347	11000503	10000	20	10269383
10269348	11000503	10000	20	10269384
10269349	11000503	10000	20	10269385
10269350	11000503	10000	20	10269386
10269351	11000503	10000	20	10269387
10269352	11000503	10000	20	10269388
10269353	11000503	10000	20	10269389
10269354	11000503	10000	20	10269390
10269355	11000503	10000	20	10269391
10269356	11000503	10000	20	10269392
10269357	11000503	10000	20	10269393
10269358	11000503	10000	20	10269394
10269359	11000503	10000	20	10269395
10269360	11000503	10000	20	10269396
10269361	11000503	10000	20	10269397
10269362	11000503	10000	20	10269398
10269363	11000503	10000	20	10269399
10269364	11000503	10000	20	10269400
10269365	11000503	10000	20	10269401
10269366	11000503	10000	20	10269402
10269367	11000503	10000	20	10269403
10269368	11000503	10000	20	10269404
10269369	11000503	10000	20	10269405
10269370	11000503	10000	20	10269406
10269371	11000503	10000	20	10269407
10269372	11000503	10000	20	10269408
10269373	11000503	10000	20	10269409
10269500	11000503	10000	20	10269524
10269501	11000503	10000	20	10269525
10269502	11000503	10000	20	10269526
10269503	11000503	10000	20	10269527
10269504	11000503	10000	20	10269528
10269505	11000503	10000	20	10269529
10269506	11000503	10000	20	10269530
10269507	11000503	10000	20	10269531
10269508	11000503	10000	20	10269532
10269509	11000503	10000	20	10269533
10269510	11000503	10000	20	10269534
10269511	11000503	10000	20	10269535
10269512	11000503	10000	20	10269536
10269513	11000503	10000	20	10269537
10269514	11000503	10000	20	10269538
10269515	11000503	10000	20	10269539
10269516	11000503	10000	20	10269540
10269517	11000503	10000	20	10269541
10269518	11000503	10000	20	10269542
10269519	11000503	10000	20	10269543
10269520	11000503	10000	20	10269544
10269521	11000503	10000	20	10269545
10269522	11000503	10000	20	10269546
10269523	11000503	10000	20	10269547
10274001	11000504	10000	20	10278801
10274002	11000504	10000	20	10278802
10274003	11000504	10000	20	10278803
10274004	11000504	10000	20	10278900
10274011	11000504	10000	20	10278811
10274012	11000504	10000	20	10278812
10274013	11000504	10000	20	10278813
10274014	11000504	10000	20	10278901
10274021	11000504	10000	20	10278821
10274022	11000504	10000	20	10278822
10274023	11000504	10000	20	10278823
10274024	11000504	10000	20	10278902
10274031	11000504	10000	20	10278831
10274032	11000504	10000	20	10278832
10274033	11000504	10000	20	10278833
10274034	11000504	10000	20	10278903
10274041	11000504	10000	20	10278841
10274042	11000504	10000	20	10278842
10274043	11000504	10000	20	10278843
10274044	11000504	10000	20	10278904
10274051	11000504	10000	20	10278851
10274052	11000504	10000	20	10278852
10274053	11000504	10000	20	10278853
10274054	11000504	10000	20	10278905
10278600	11000504	10000	20	10278804
10278610	11000504	10000	20	10278814
10278620	11000504	10000	20	10278824
10278630	11000504	10000	20	10278834
10278640	11000504	10000	20	10278844
10278650	11000504	10000	20	10278854
10278700	11000504	10000	20	10278805
10278710	11000504	10000	20	10278815
10278720	11000504	10000	20	10278825
10278730	11000504	10000	20	10278835
10278740	11000504	10000	20	10278845
10278750	11000504	10000	20	10278855
10278760	11000504	10000	20	10278910
10278761	11000504	10000	20	10278911
10278762	11000504	10000	20	10278912
10278763	11000504	10000	20	10278913
10278764	11000504	10000	20	10278914
10278765	11000504	10000	20	10278915
10279000	11000504	10000	20	10279100
10279001	11000504	10000	20	10279101
10279002	11000504	10000	20	10279102
10279003	11000504	10000	20	10279103
10279004	11000504	10000	20	10279104
10279005	11000504	10000	20	10279105
10279006	11000504	10000	20	10279106
10279007	11000504	10000	20	10279107
10279008	11000504	10000	20	10279108
10279009	11000504	10000	20	10279109
10279010	11000504	10000	20	10279110
10279011	11000504	10000	20	10279111
10279012	11000504	10000	20	10279112
10279013	11000504	10000	20	10279113
10279014	11000504	10000	20	10279114
10279015	11000504	10000	20	10279115
10279016	11000504	10000	20	10279116
10279017	11000504	10000	20	10279117
10279018	11000504	10000	20	10279118
10279019	11000504	10000	20	10279119
10279020	11000504	10000	20	10279120
10279021	11000504	10000	20	10279121
10279022	11000504	10000	20	10279122
10279023	11000504	10000	20	10279123
10279024	11000504	10000	20	10279124
10279025	11000504	10000	20	10279125
10279026	11000504	10000	20	10279126
10279027	11000504	10000	20	10279127
10279028	11000504	10000	20	10279128
10279029	11000504	10000	20	10279129
10279030	11000504	10000	20	10279130
10279031	11000504	10000	20	10279131
10279032	11000504	10000	20	10279132
10279033	11000504	10000	20	10279133
10279034	11000504	10000	20	10279134
10279035	11000504	10000	20	10279135
10279218	11000504	10000	20	10279296
10279219	11000504	10000	20	10279297
10279220	11000504	10000	20	10279298
10279221	11000504	10000	20	10279326
10279222	11000504	10000	20	10279301
10279223	11000504	10000	20	10279302
10279224	11000504	10000	20	10279303
10279225	11000504	10000	20	10279327
10279226	11000504	10000	20	10279306
10279227	11000504	10000	20	10279307
10279228	11000504	10000	20	10279308
10279229	11000504	10000	20	10279328
10279230	11000504	10000	20	10279311
10279231	11000504	10000	20	10279312
10279232	11000504	10000	20	10279313
10279233	11000504	10000	20	10279329
10279234	11000504	10000	20	10279316
10279235	11000504	10000	20	10279317
10279236	11000504	10000	20	10279318
10279237	11000504	10000	20	10279330
10279238	11000504	10000	20	10279321
10279239	11000504	10000	20	10279322
10279240	11000504	10000	20	10279323
10279241	11000504	10000	20	10279331
10279278	11000504	10000	20	10279299
10279279	11000504	10000	20	10279304
10279280	11000504	10000	20	10279309
10279281	11000504	10000	20	10279314
10279282	11000504	10000	20	10279319
10279283	11000504	10000	20	10279324
10279284	11000504	10000	20	10279300
10279285	11000504	10000	20	10279305
10279286	11000504	10000	20	10279310
10279287	11000504	10000	20	10279315
10279288	11000504	10000	20	10279320
10279289	11000504	10000	20	10279325
10279290	11000504	10000	20	10279332
10279291	11000504	10000	20	10279333
10279292	11000504	10000	20	10279334
10279293	11000504	10000	20	10279335
10279294	11000504	10000	20	10279336
10279295	11000504	10000	20	10279337
10279338	11000504	10000	20	10279374
10279339	11000504	10000	20	10279375
10279340	11000504	10000	20	10279376
10279341	11000504	10000	20	10279377
10279342	11000504	10000	20	10279378
10279343	11000504	10000	20	10279379
10279344	11000504	10000	20	10279380
10279345	11000504	10000	20	10279381
10279346	11000504	10000	20	10279382
10279347	11000504	10000	20	10279383
10279348	11000504	10000	20	10279384
10279349	11000504	10000	20	10279385
10279350	11000504	10000	20	10279386
10279351	11000504	10000	20	10279387
10279352	11000504	10000	20	10279388
10279353	11000504	10000	20	10279389
10279354	11000504	10000	20	10279390
10279355	11000504	10000	20	10279391
10279356	11000504	10000	20	10279392
10279357	11000504	10000	20	10279393
10279358	11000504	10000	20	10279394
10279359	11000504	10000	20	10279395
10279360	11000504	10000	20	10279396
10279361	11000504	10000	20	10279397
10279362	11000504	10000	20	10279398
10279363	11000504	10000	20	10279399
10279364	11000504	10000	20	10279400
10279365	11000504	10000	20	10279401
10279366	11000504	10000	20	10279402
10279367	11000504	10000	20	10279403
10279368	11000504	10000	20	10279404
10279369	11000504	10000	20	10279405
10279370	11000504	10000	20	10279406
10279371	11000504	10000	20	10279407
10279372	11000504	10000	20	10279408
10279373	11000504	10000	20	10279409
10279500	11000504	10000	20	10279524
10279501	11000504	10000	20	10279525
10279502	11000504	10000	20	10279526
10279503	11000504	10000	20	10279527
10279504	11000504	10000	20	10279528
10279505	11000504	10000	20	10279529
10279506	11000504	10000	20	10279530
10279507	11000504	10000	20	10279531
10279508	11000504	10000	20	10279532
10279509	11000504	10000	20	10279533
10279510	11000504	10000	20	10279534
10279511	11000504	10000	20	10279535
10279512	11000504	10000	20	10279536
10279513	11000504	10000	20	10279537
10279514	11000504	10000	20	10279538
10279515	11000504	10000	20	10279539
10279516	11000504	10000	20	10279540
10279517	11000504	10000	20	10279541
10279518	11000504	10000	20	10279542
10279519	11000504	10000	20	10279543
10279520	11000504	10000	20	10279544
10279521	11000504	10000	20	10279545
10279522	11000504	10000	20	10279546
10279523	11000504	10000	20	10279547
10284001	11000502	10000	20	10287001
10284002	11000502	10000	20	10287002
10284003	11000502	10000	20	10287003
10284004	11000502	10000	20	10287100
10284011	11000502	10000	20	10287011
10284012	11000502	10000	20	10287012
10284013	11000502	10000	20	10287013
10284014	11000502	10000	20	10287101
10284021	11000502	10000	20	10287021
10284022	11000502	10000	20	10287022
10284023	11000502	10000	20	10287023
10284024	11000502	10000	20	10287102
10284031	11000502	10000	20	10287031
10284032	11000502	10000	20	10287032
10284033	11000502	10000	20	10287033
10284034	11000502	10000	20	10287103
10284041	11000502	10000	20	10287041
10284042	11000502	10000	20	10287042
10284043	11000502	10000	20	10287043
10284044	11000502	10000	20	10287104
10284051	11000502	10000	20	10287051
10284052	11000502	10000	20	10287052
10284053	11000502	10000	20	10287053
10284054	11000502	10000	20	10287105
10284061	11000502	10000	20	10287061
10284062	11000502	10000	20	10287062
10284063	11000502	10000	20	10287063
10284064	11000502	10000	20	10287064
10284065	11000502	10000	20	10287065
10284066	11000502	10000	20	10287066
10284071	11000502	10000	20	10287110
10284072	11000502	10000	20	10287111
10284073	11000502	10000	20	10287112
10284074	11000502	10000	20	10287113
10284075	11000502	10000	20	10287114
10284076	11000502	10000	20	10287115
10285001	11000502	10000	20	10285002
10286092	11000502	10000	20	10287054
10287070	11000502	10000	20	10287080
10287071	11000502	10000	20	10287081
10287072	11000502	10000	20	10287082
10287073	11000502	10000	20	10287083
10287074	11000502	10000	20	10287084
10287075	11000502	10000	20	10287085
10287076	11000502	10000	20	10287086
10288018	11000502	10000	20	10288054
10288019	11000502	10000	20	10288055
10288020	11000502	10000	20	10288056
10288021	11000502	10000	20	10288078
10288022	11000502	10000	20	10288057
10288023	11000502	10000	20	10288058
10288024	11000502	10000	20	10288059
10288025	11000502	10000	20	10288079
10288026	11000502	10000	20	10288060
10288027	11000502	10000	20	10288061
10288028	11000502	10000	20	10288062
10288029	11000502	10000	20	10288080
10288030	11000502	10000	20	10288063
10288031	11000502	10000	20	10288064
10288032	11000502	10000	20	10288065
10288033	11000502	10000	20	10288081
10288034	11000502	10000	20	10288066
10288035	11000502	10000	20	10288067
10288036	11000502	10000	20	10288068
10288037	11000502	10000	20	10288082
10288038	11000502	10000	20	10288069
10288039	11000502	10000	20	10288070
10288040	11000502	10000	20	10288071
10288041	11000502	10000	20	10288083
10288042	11000502	10000	20	10288072
10288043	11000502	10000	20	10288073
10288044	11000502	10000	20	10288074
10288045	11000502	10000	20	10288075
10288046	11000502	10000	20	10288076
10288047	11000502	10000	20	10288077
10288048	11000502	10000	20	10288084
10288049	11000502	10000	20	10288085
10288050	11000502	10000	20	10288086
10288051	11000502	10000	20	10288087
10288052	11000502	10000	20	10288088
10288053	11000502	10000	20	10288089
10288100	11000502	10000	20	10288124
10288101	11000502	10000	20	10288125
10288102	11000502	10000	20	10288126
10288103	11000502	10000	20	10288127
10288104	11000502	10000	20	10288128
10288105	11000502	10000	20	10288129
10288106	11000502	10000	20	10288130
10288107	11000502	10000	20	10288131
10288108	11000502	10000	20	10288132
10288109	11000502	10000	20	10288133
10288110	11000502	10000	20	10288134
10288111	11000502	10000	20	10288135
10288112	11000502	10000	20	10288136
10288113	11000502	10000	20	10288137
10288114	11000502	10000	20	10288138
10288115	11000502	10000	20	10288139
10288116	11000502	10000	20	10288140
10288117	11000502	10000	20	10288141
10288118	11000502	10000	20	10288142
10288119	11000502	10000	20	10288143
10288120	11000502	10000	20	10288144
10288121	11000502	10000	20	10288145
10288122	11000502	10000	20	10288146
10288123	11000502	10000	20	10288147
10294001	11000504	10000	20	10297001
10294002	11000504	10000	20	10297002
10294003	11000504	10000	20	10297003
10294004	11000504	10000	20	10297100
10294011	11000504	10000	20	10297011
10294012	11000504	10000	20	10297012
10294013	11000504	10000	20	10297013
10294014	11000504	10000	20	10297101
10294021	11000504	10000	20	10297021
10294022	11000504	10000	20	10297022
10294023	11000504	10000	20	10297023
10294024	11000504	10000	20	10297102
10294031	11000504	10000	20	10297031
10294032	11000504	10000	20	10297032
10294033	11000504	10000	20	10297033
10294034	11000504	10000	20	10297103
10294041	11000504	10000	20	10297041
10294042	11000504	10000	20	10297042
10294043	11000504	10000	20	10297043
10294044	11000504	10000	20	10297104
10294051	11000504	10000	20	10297051
10294052	11000504	10000	20	10297052
10294053	11000504	10000	20	10297053
10294054	11000504	10000	20	10297105
10294061	11000504	10000	20	10297061
10294062	11000504	10000	20	10297062
10294063	11000504	10000	20	10297063
10294064	11000504	10000	20	10297064
10294065	11000504	10000	20	10297065
10294066	11000504	10000	20	10297066
10294071	11000504	10000	20	10297110
10294072	11000504	10000	20	10297111
10294073	11000504	10000	20	10297112
10294074	11000504	10000	20	10297113
10294075	11000504	10000	20	10297114
10294076	11000504	10000	20	10297115
10295001	11000504	10000	20	10295002
10296072	11000504	10000	20	10297054
10297070	11000504	10000	20	10297080
10297071	11000504	10000	20	10297081
10297072	11000504	10000	20	10297082
10297073	11000504	10000	20	10297083
10297074	11000504	10000	20	10297084
10297075	11000504	10000	20	10297085
10297076	11000504	10000	20	10297086
10298018	11000504	10000	20	10298054
10298019	11000504	10000	20	10298055
10298020	11000504	10000	20	10298056
10298021	11000504	10000	20	10298078
10298022	11000504	10000	20	10298057
10298023	11000504	10000	20	10298058
10298024	11000504	10000	20	10298059
10298025	11000504	10000	20	10298079
10298026	11000504	10000	20	10298060
10298027	11000504	10000	20	10298061
10298028	11000504	10000	20	10298062
10298029	11000504	10000	20	10298080
10298030	11000504	10000	20	10298063
10298031	11000504	10000	20	10298064
10298032	11000504	10000	20	10298065
10298033	11000504	10000	20	10298081
10298034	11000504	10000	20	10298066
10298035	11000504	10000	20	10298067
10298036	11000504	10000	20	10298068
10298037	11000504	10000	20	10298082
10298038	11000504	10000	20	10298069
10298039	11000504	10000	20	10298070
10298040	11000504	10000	20	10298071
10298041	11000504	10000	20	10298083
10298042	11000504	10000	20	10298072
10298043	11000504	10000	20	10298073
10298044	11000504	10000	20	10298074
10298045	11000504	10000	20	10298075
10298046	11000504	10000	20	10298076
10298047	11000504	10000	20	10298077
10298048	11000504	10000	20	10298084
10298049	11000504	10000	20	10298085
10298050	11000504	10000	20	10298086
10298051	11000504	10000	20	10298087
10298052	11000504	10000	20	10298088
10298053	11000504	10000	20	10298089
10298100	11000504	10000	20	10298124
10298101	11000504	10000	20	10298125
10298102	11000504	10000	20	10298126
10298103	11000504	10000	20	10298127
10298104	11000504	10000	20	10298128
10298105	11000504	10000	20	10298129
10298106	11000504	10000	20	10298130
10298107	11000504	10000	20	10298131
10298108	11000504	10000	20	10298132
10298109	11000504	10000	20	10298133
10298110	11000504	10000	20	10298134
10298111	11000504	10000	20	10298135
10298112	11000504	10000	20	10298136
10298113	11000504	10000	20	10298137
10298114	11000504	10000	20	10298138
10298115	11000504	10000	20	10298139
10298116	11000504	10000	20	10298140
10298117	11000504	10000	20	10298141
10298118	11000504	10000	20	10298142
10298119	11000504	10000	20	10298143
10298120	11000504	10000	20	10298144
10298121	11000504	10000	20	10298145
10298122	11000504	10000	20	10298146
10298123	11000504	10000	20	10298147
10354001	11000500	10000	20	10355001
10354002	11000500	10000	20	10355002
10354003	11000500	10000	20	10355003
10354004	11000500	10000	20	10355004
10354005	11000500	10000	20	10355005
10354100	11000500	10000	20	10355100
10354101	11000500	10000	20	10355101
10354102	11000500	10000	20	10355102
10354200	11000500	10000	20	10355200
10354301	11000500	10000	20	10355301
10354302	11000500	10000	20	10355302
10354303	11000500	10000	20	10355303
10354401	11000500	10000	20	10355401
10354402	11000500	10000	20	10355402
10354403	11000500	10000	20	10355403
10364001	11000500	10000	20	10365001
10364002	11000500	10000	20	10365002
10364003	11000500	10000	20	10365003
10364004	11000500	10000	20	10365004
10364005	11000500	10000	20	10365005
10364100	11000500	10000	20	10365100
10364101	11000500	10000	20	10365101
10364102	11000500	10000	20	10365102
10364200	11000500	10000	20	10365200
10364301	11000500	10000	20	10365301
10364302	11000500	10000	20	10365302
10364303	11000500	10000	20	10365303
10364401	11000500	10000	20	10365401
10364402	11000500	10000	20	10365402
10364403	11000500	10000	20	10365403
10374001	11000500	10000	20	10375001
10374002	11000500	10000	20	10375002
10374003	11000500	10000	20	10375003
10374004	11000500	10000	20	10375004
10374005	11000500	10000	20	10375005
10374100	11000500	10000	20	10375100
10374101	11000500	10000	20	10375101
10374102	11000500	10000	20	10375102
10374200	11000500	10000	20	10375200
10374301	11000500	10000	20	10375301
10374302	11000500	10000	20	10375302
10374303	11000500	10000	20	10375303
10374401	11000500	10000	20	10375401
10374402	11000500	10000	20	10375402
10374403	11000500	10000	20	10375403
10384001	11000500	10000	20	10385001
10384002	11000500	10000	20	10385002
10384003	11000500	10000	20	10385003
10384004	11000500	10000	20	10385004
10384005	11000500	10000	20	10385005
10384100	11000500	10000	20	10385100
10384101	11000500	10000	20	10385101
10384102	11000500	10000	20	10385102
10384200	11000500	10000	20	10385200
10384301	11000500	10000	20	10385301
10384302	11000500	10000	20	10385302
10384303	11000500	10000	20	10385303
10384401	11000500	10000	20	10385401
10384402	11000500	10000	20	10385402
10384403	11000500	10000	20	10385403
10394001	11000500	10000	20	10395001
10394002	11000500	10000	20	10395002
10394003	11000500	10000	20	10395003
10394004	11000500	10000	20	10395004
10394005	11000500	10000	20	10395005
10394100	11000500	10000	20	10395100
10394101	11000500	10000	20	10395101
10394102	11000500	10000	20	10395102
10394200	11000500	10000	20	10395200
10394301	11000500	10000	20	10395301
10394302	11000500	10000	20	10395302
10394303	11000500	10000	20	10395303
10394401	11000500	10000	20	10395401
10394402	11000500	10000	20	10395402
10394403	11000500	10000	20	10395403
10404001	11000500	10000	20	10405001
10404002	11000500	10000	20	10405002
10404003	11000500	10000	20	10405003
10404004	11000500	10000	20	10405004
10404005	11000500	10000	20	10405005
10404100	11000500	10000	20	10405100
10404101	11000500	10000	20	10405101
10404102	11000500	10000	20	10405102
10404200	11000500	10000	20	10405200
10404301	11000500	10000	20	10405301
10404302	11000500	10000	20	10405302
10404303	11000500	10000	20	10405303
10404401	11000500	10000	20	10405401
10404402	11000500	10000	20	10405402
10404403	11000500	10000	20	10405403
10414001	11000500	10000	20	10415001
10414002	11000500	10000	20	10415002
10414003	11000500	10000	20	10415003
10414004	11000500	10000	20	10415004
10414005	11000500	10000	20	10415005
10414100	11000500	10000	20	10415100
10414101	11000500	10000	20	10415101
10414102	11000500	10000	20	10415102
10414200	11000500	10000	20	10415200
10414301	11000500	10000	20	10415301
10414302	11000500	10000	20	10415302
10414303	11000500	10000	20	10415303
10414401	11000500	10000	20	10415401
10414402	11000500	10000	20	10415402
10414403	11000500	10000	20	10415403
10424001	11000500	10000	20	10425001
10424002	11000500	10000	20	10425002
10424003	11000500	10000	20	10425003
10424004	11000500	10000	20	10425004
10424005	11000500	10000	20	10425005
10424100	11000500	10000	20	10425100
10424101	11000500	10000	20	10425101
10424102	11000500	10000	20	10425102
10424200	11000500	10000	20	10425200
10424301	11000500	10000	20	10425301
10424302	11000500	10000	20	10425302
10424303	11000500	10000	20	10425303
10424401	11000500	10000	20	10425401
10424402	11000500	10000	20	10425402
10424403	11000500	10000	20	10425403
10434001	11000500	10000	20	10435001
10434002	11000500	10000	20	10435002
10434003	11000500	10000	20	10435003
10434004	11000500	10000	20	10435004
10434005	11000500	10000	20	10435005
10434100	11000500	10000	20	10435100
10434101	11000500	10000	20	10435101
10434102	11000500	10000	20	10435102
10434200	11000500	10000	20	10435200
10434301	11000500	10000	20	10435301
10434302	11000500	10000	20	10435302
10434303	11000500	10000	20	10435303
10434401	11000500	10000	20	10435401
10434402	11000500	10000	20	10435402
10434403	11000500	10000	20	10435403
10444001	11000500	10000	20	10445001
10444002	11000500	10000	20	10445002
10444003	11000500	10000	20	10445003
10444004	11000500	10000	20	10445004
10444005	11000500	10000	20	10445005
10444100	11000500	10000	20	10445100
10444101	11000500	10000	20	10445101
10444102	11000500	10000	20	10445102
10444200	11000500	10000	20	10445200
10444301	11000500	10000	20	10445301
10444302	11000500	10000	20	10445302
10444303	11000500	10000	20	10445303
10444401	11000500	10000	20	10445401
10444402	11000500	10000	20	10445402
10444403	11000500	10000	20	10445403
10454001	11000500	10000	20	10455001
10454002	11000500	10000	20	10455002
10454003	11000500	10000	20	10455003
10454004	11000500	10000	20	10455004
10454005	11000500	10000	20	10455005
10454100	11000500	10000	20	10455100
10454101	11000500	10000	20	10455101
10454102	11000500	10000	20	10455102
10454200	11000500	10000	20	10455200
10454301	11000500	10000	20	10455301
10454302	11000500	10000	20	10455302
10454303	11000500	10000	20	10455303
10454401	11000500	10000	20	10455401
10454402	11000500	10000	20	10455402
10454403	11000500	10000	20	10455403
10464001	11000500	10000	20	10465001
10464002	11000500	10000	20	10465002
10464003	11000500	10000	20	10465003
10464004	11000500	10000	20	10465004
10464005	11000500	10000	20	10465005
10464100	11000500	10000	20	10465100
10464101	11000500	10000	20	10465101
10464102	11000500	10000	20	10465102
10464200	11000500	10000	20	10465200
10464301	11000500	10000	20	10465301
10464302	11000500	10000	20	10465302
10464303	11000500	10000	20	10465303
10464401	11000500	10000	20	10465401
10464402	11000500	10000	20	10465402
10464403	11000500	10000	20	10465403
