INT	INT	STRING	INT	INT	INT	INT	INT	INT	INT	INT	INT	INT	INT	INT	INT	INT	INT	INT	INT	INT	INT	INT	INT	INT	INT	INT	INT	INT	INT	INT	INT	INT	INT	INT	INT	STRING	INT
配方号	产品ID	配方名称	产品数量	材料类1	材料数量1	材料最低等级1	拆解损耗比例1	材料类2	材料数量2	材料最低等级2	拆解损耗比例2	材料类3	材料数量3	材料最低等级3	拆解损耗比例3	材料类4	材料数量4	材料最低等级4	拆解损耗比例4	改造1材料类(-1代表不可改造)	改造1材料数量	改造1材料最低等级	改造2材料类	改造2材料数量	改造2材料最低等级	改造3材料类	改造3材料数量	改造3材料最低等级	操作时间	脚本ID	打造消耗金钱	改造消耗金钱	产品等级	所属部件	属性归属	NPCID	是否固定打造
1	10010205	繁星碎	1	1	5	1	75	-1	-1	-1	-1	-1	-1	-1	-1	-1	-1	-1	-1	1	1	1	-1	-1	-1	-1	-1	-1	-1	-1	2000	800	50	1	5		0
2	10019701	天赐金牌之刀	1	1	4	4	75	-1	-1	-1	-1	-1	-1	-1	-1	-1	-1	-1	-1	-1	-1	-1	-1	-1	-1	-1	-1	-1	-1	-1	2000	800	80	1	8	123779|126075|129079|132075|138664|141030	1
3	10020205	短歌行	1	1	5	1	75	-1	-1	-1	-1	-1	-1	-1	-1	-1	-1	-1	-1	1	1	1	-1	-1	-1	-1	-1	-1	-1	-1	2000	800	50	2	8		0
4	10028701	天赐金牌之剑	1	1	4	4	75	-1	-1	-1	-1	-1	-1	-1	-1	-1	-1	-1	-1	-1	-1	-1	-1	-1	-1	-1	-1	-1	-1	-1	2000	800	80	2	8	123779|126075|129079|132075|138664|141030	1
5	10030205	流光簇	1	1	5	1	75	-1	-1	-1	-1	-1	-1	-1	-1	-1	-1	-1	-1	1	1	1	-1	-1	-1	-1	-1	-1	-1	-1	2000	800	50	3	8		0
6	10038701	天赐金牌之弓	1	1	4	4	75	-1	-1	-1	-1	-1	-1	-1	-1	-1	-1	-1	-1	-1	-1	-1	-1	-1	-1	-1	-1	-1	-1	-1	2000	800	80	3	8	123779|126075|129079|132075|138664|141030	1
7	10040205	飞云断	1	1	5	1	75	-1	-1	-1	-1	-1	-1	-1	-1	-1	-1	-1	-1	1	1	1	-1	-1	-1	-1	-1	-1	-1	-1	2000	800	50	4	8		0
8	10048701	天赐金牌之枪	1	1	4	4	75	-1	-1	-1	-1	-1	-1	-1	-1	-1	-1	-1	-1	-1	-1	-1	-1	-1	-1	-1	-1	-1	-1	-1	2000	800	80	4	8	123779|126075|129079|132075|138664|141030	1
9	10050205	长生吟	1	1	5	1	75	-1	-1	-1	-1	-1	-1	-1	-1	-1	-1	-1	-1	1	1	1	-1	-1	-1	-1	-1	-1	-1	-1	2000	800	50	5	8		0
10	10058701	天赐金牌之杖	1	1	4	4	75	-1	-1	-1	-1	-1	-1	-1	-1	-1	-1	-1	-1	-1	-1	-1	-1	-1	-1	-1	-1	-1	-1	-1	2000	800	80	5	8	123779|126075|129079|132075|138664|141030	1
11	10060205	山河梦	1	1	5	1	75	-1	-1	-1	-1	-1	-1	-1	-1	-1	-1	-1	-1	1	1	1	-1	-1	-1	-1	-1	-1	-1	-1	2000	800	50	6	8		0
12	10068701	天赐金牌之槌	1	1	4	4	75	-1	-1	-1	-1	-1	-1	-1	-1	-1	-1	-1	-1	-1	-1	-1	-1	-1	-1	-1	-1	-1	-1	-1	2000	800	80	6	8	123779|126075|129079|132075|138664|141030	1
13	10070205	辉光白虎盾	1	1	5	1	75	-1	-1	-1	-1	-1	-1	-1	-1	-1	-1	-1	-1	1	1	1	-1	-1	-1	-1	-1	-1	-1	-1	2000	800	50	7	8		0
14	10070305	辉光巨熊盾	1	1	5	1	75	-1	-1	-1	-1	-1	-1	-1	-1	-1	-1	-1	-1	1	1	1	-1	-1	-1	-1	-1	-1	-1	-1	2000	800	50	7	8		0
15	10070405	辉光天狼盾	1	1	5	1	75	-1	-1	-1	-1	-1	-1	-1	-1	-1	-1	-1	-1	1	1	1	-1	-1	-1	-1	-1	-1	-1	-1	2000	800	50	7	8		0
16	10070505	辉光猛雕盾	1	1	5	1	75	-1	-1	-1	-1	-1	-1	-1	-1	-1	-1	-1	-1	1	1	1	-1	-1	-1	-1	-1	-1	-1	-1	2000	800	50	7	8		0
17	10077701	天赐金牌之盾	1	1	3	4	75	-1	-1	-1	-1	-1	-1	-1	-1	-1	-1	-1	-1	-1	-1	-1	-1	-1	-1	-1	-1	-1	-1	-1	2000	800	81	7	8	123779|126075|129079|132075|138664|141030	1
18	10080205	短歌细剑	1	1	5	1	75	-1	-1	-1	-1	-1	-1	-1	-1	-1	-1	-1	-1	1	1	1	-1	-1	-1	-1	-1	-1	-1	-1	2000	800	50	8	8		0
19	10087701	天赐金牌之锏	1	1	3	4	75	-1	-1	-1	-1	-1	-1	-1	-1	-1	-1	-1	-1	-1	-1	-1	-1	-1	-1	-1	-1	-1	-1	-1	2000	800	81	8	8	123779|126075|129079|132075|138664|141030	1
20	10090205	流光羽	1	1	5	1	75	-1	-1	-1	-1	-1	-1	-1	-1	-1	-1	-1	-1	1	1	1	-1	-1	-1	-1	-1	-1	-1	-1	2000	800	50	9	8		0
21	10097701	天赐金牌之箭	1	1	3	4	75	-1	-1	-1	-1	-1	-1	-1	-1	-1	-1	-1	-1	-1	-1	-1	-1	-1	-1	-1	-1	-1	-1	-1	2000	800	81	9	8	123779|126075|129079|132075|138664|141030	1
22	10100205	飞云弹	1	1	5	1	75	-1	-1	-1	-1	-1	-1	-1	-1	-1	-1	-1	-1	1	1	1	-1	-1	-1	-1	-1	-1	-1	-1	2000	800	50	10	8		0
23	10107701	天赐金牌飞弹	1	1	3	4	75	-1	-1	-1	-1	-1	-1	-1	-1	-1	-1	-1	-1	-1	-1	-1	-1	-1	-1	-1	-1	-1	-1	-1	2000	800	81	10	8	123779|126075|129079|132075|138664|141030	1
24	10110205	长吟号	1	1	5	1	75	-1	-1	-1	-1	-1	-1	-1	-1	-1	-1	-1	-1	1	1	1	-1	-1	-1	-1	-1	-1	-1	-1	2000	800	50	11	8		0
25	10117701	天赐金牌之号	1	1	3	4	75	-1	-1	-1	-1	-1	-1	-1	-1	-1	-1	-1	-1	-1	-1	-1	-1	-1	-1	-1	-1	-1	-1	-1	2000	800	81	11	8	123779|126075|129079|132075|138664|141030	1
26	10120205	山河鼓	1	1	5	1	75	-1	-1	-1	-1	-1	-1	-1	-1	-1	-1	-1	-1	1	1	1	-1	-1	-1	-1	-1	-1	-1	-1	2000	800	50	12	8		0
27	10127701	天赐金牌之鼓	1	1	3	4	75	-1	-1	-1	-1	-1	-1	-1	-1	-1	-1	-1	-1	-1	-1	-1	-1	-1	-1	-1	-1	-1	-1	-1	2000	800	81	12	8	123779|126075|129079|132075|138664|141030	1
28	10208760	天赐金牌之盔	1	1	3	4	75	-1	-1	-1	-1	-1	-1	-1	-1	-1	-1	-1	-1	-1	-1	-1	-1	-1	-1	-1	-1	-1	-1	-1	2000	800	83	20	8	123779|126075|129079|132075|138664|141030	1
29	10208761	天赐金牌之盔	1	1	3	4	75	-1	-1	-1	-1	-1	-1	-1	-1	-1	-1	-1	-1	-1	-1	-1	-1	-1	-1	-1	-1	-1	-1	-1	2000	800	83	20	8	123779|126075|129079|132075|138664|141030	1
30	10208762	天赐金牌之盔	1	1	3	4	75	-1	-1	-1	-1	-1	-1	-1	-1	-1	-1	-1	-1	-1	-1	-1	-1	-1	-1	-1	-1	-1	-1	-1	2000	800	83	20	8	123779|126075|129079|132075|138664|141030	1
31	10208763	天赐金牌之盔	1	1	3	4	75	-1	-1	-1	-1	-1	-1	-1	-1	-1	-1	-1	-1	-1	-1	-1	-1	-1	-1	-1	-1	-1	-1	-1	2000	800	83	20	8	123779|126075|129079|132075|138664|141030	1
32	10208764	天赐金牌之盔	1	1	3	4	75	-1	-1	-1	-1	-1	-1	-1	-1	-1	-1	-1	-1	-1	-1	-1	-1	-1	-1	-1	-1	-1	-1	-1	2000	800	83	20	8	123779|126075|129079|132075|138664|141030	1
33	10208765	天赐金牌之盔	1	1	3	4	75	-1	-1	-1	-1	-1	-1	-1	-1	-1	-1	-1	-1	-1	-1	-1	-1	-1	-1	-1	-1	-1	-1	-1	2000	800	83	20	8	123779|126075|129079|132075|138664|141030	1
34	10209266	天赐金牌之盔	1	1	3	4	75	-1	-1	-1	-1	-1	-1	-1	-1	-1	-1	-1	-1	-1	-1	-1	-1	-1	-1	-1	-1	-1	-1	-1	2000	800	83	20	8	123779|126075|129079|132075|138664|141030	1
35	10209267	天赐金牌之盔	1	1	3	4	75	-1	-1	-1	-1	-1	-1	-1	-1	-1	-1	-1	-1	-1	-1	-1	-1	-1	-1	-1	-1	-1	-1	-1	2000	800	83	20	8	123779|126075|129079|132075|138664|141030	1
36	10209268	天赐金牌之盔	1	1	3	4	75	-1	-1	-1	-1	-1	-1	-1	-1	-1	-1	-1	-1	-1	-1	-1	-1	-1	-1	-1	-1	-1	-1	-1	2000	800	83	20	8	123779|126075|129079|132075|138664|141030	1
37	10209269	天赐金牌之盔	1	1	3	4	75	-1	-1	-1	-1	-1	-1	-1	-1	-1	-1	-1	-1	-1	-1	-1	-1	-1	-1	-1	-1	-1	-1	-1	2000	800	83	20	8	123779|126075|129079|132075|138664|141030	1
38	10209270	天赐金牌之盔	1	1	3	4	75	-1	-1	-1	-1	-1	-1	-1	-1	-1	-1	-1	-1	-1	-1	-1	-1	-1	-1	-1	-1	-1	-1	-1	2000	800	83	20	8	123779|126075|129079|132075|138664|141030	1
39	10209271	天赐金牌之盔	1	1	3	4	75	-1	-1	-1	-1	-1	-1	-1	-1	-1	-1	-1	-1	-1	-1	-1	-1	-1	-1	-1	-1	-1	-1	-1	2000	800	83	20	8	123779|126075|129079|132075|138664|141030	1
40	10230205	辉光白虎甲	1	1	5	1	75	-1	-1	-1	-1	-1	-1	-1	-1	-1	-1	-1	-1	1	1	1	-1	-1	-1	-1	-1	-1	-1	-1	2000	800	50	23	8		0
41	10230305	辉光巨熊甲	1	1	5	1	75	-1	-1	-1	-1	-1	-1	-1	-1	-1	-1	-1	-1	1	1	1	-1	-1	-1	-1	-1	-1	-1	-1	2000	800	50	23	8		0
42	10230405	辉光天狼甲	1	1	5	1	75	-1	-1	-1	-1	-1	-1	-1	-1	-1	-1	-1	-1	1	1	1	-1	-1	-1	-1	-1	-1	-1	-1	2000	800	50	23	8		0
43	10230505	辉光猛雕甲	1	1	5	1	75	-1	-1	-1	-1	-1	-1	-1	-1	-1	-1	-1	-1	1	1	1	-1	-1	-1	-1	-1	-1	-1	-1	2000	800	50	23	8		0
44	10238760	天赐金牌战甲	1	1	4	4	75	-1	-1	-1	-1	-1	-1	-1	-1	-1	-1	-1	-1	-1	-1	-1	-1	-1	-1	-1	-1	-1	-1	-1	2000	800	80	23	8	123779|126075|129079|132075|138664|141030	1
45	10238761	天赐金牌战甲	1	1	4	4	75	-1	-1	-1	-1	-1	-1	-1	-1	-1	-1	-1	-1	-1	-1	-1	-1	-1	-1	-1	-1	-1	-1	-1	2000	800	80	23	8	123779|126075|129079|132075|138664|141030	1
46	10238762	天赐金牌战甲	1	1	4	4	75	-1	-1	-1	-1	-1	-1	-1	-1	-1	-1	-1	-1	-1	-1	-1	-1	-1	-1	-1	-1	-1	-1	-1	2000	800	80	23	8	123779|126075|129079|132075|138664|141030	1
47	10238763	天赐金牌战甲	1	1	4	4	75	-1	-1	-1	-1	-1	-1	-1	-1	-1	-1	-1	-1	-1	-1	-1	-1	-1	-1	-1	-1	-1	-1	-1	2000	800	80	23	8	123779|126075|129079|132075|138664|141030	1
48	10238764	天赐金牌战甲	1	1	4	4	75	-1	-1	-1	-1	-1	-1	-1	-1	-1	-1	-1	-1	-1	-1	-1	-1	-1	-1	-1	-1	-1	-1	-1	2000	800	80	23	8	123779|126075|129079|132075|138664|141030	1
49	10238765	天赐金牌战甲	1	1	4	4	75	-1	-1	-1	-1	-1	-1	-1	-1	-1	-1	-1	-1	-1	-1	-1	-1	-1	-1	-1	-1	-1	-1	-1	2000	800	80	23	8	123779|126075|129079|132075|138664|141030	1
50	10239290	天赐金牌战甲	1	1	4	4	75	-1	-1	-1	-1	-1	-1	-1	-1	-1	-1	-1	-1	-1	-1	-1	-1	-1	-1	-1	-1	-1	-1	-1	2000	800	80	23	8	123779|126075|129079|132075|138664|141030	1
51	10239291	天赐金牌战甲	1	1	4	4	75	-1	-1	-1	-1	-1	-1	-1	-1	-1	-1	-1	-1	-1	-1	-1	-1	-1	-1	-1	-1	-1	-1	-1	2000	800	80	23	8	123779|126075|129079|132075|138664|141030	1
52	10239292	天赐金牌战甲	1	1	4	4	75	-1	-1	-1	-1	-1	-1	-1	-1	-1	-1	-1	-1	-1	-1	-1	-1	-1	-1	-1	-1	-1	-1	-1	2000	800	80	23	8	123779|126075|129079|132075|138664|141030	1
53	10239293	天赐金牌战甲	1	1	4	4	75	-1	-1	-1	-1	-1	-1	-1	-1	-1	-1	-1	-1	-1	-1	-1	-1	-1	-1	-1	-1	-1	-1	-1	2000	800	80	23	8	123779|126075|129079|132075|138664|141030	1
54	10239294	天赐金牌战甲	1	1	4	4	75	-1	-1	-1	-1	-1	-1	-1	-1	-1	-1	-1	-1	-1	-1	-1	-1	-1	-1	-1	-1	-1	-1	-1	2000	800	80	23	8	123779|126075|129079|132075|138664|141030	1
55	10239295	天赐金牌战甲	1	1	4	4	75	-1	-1	-1	-1	-1	-1	-1	-1	-1	-1	-1	-1	-1	-1	-1	-1	-1	-1	-1	-1	-1	-1	-1	2000	800	80	23	8	123779|126075|129079|132075|138664|141030	1
56	10248760	天赐金牌项链	1	1	2	4	75	-1	-1	-1	-1	-1	-1	-1	-1	-1	-1	-1	-1	-1	-1	-1	-1	-1	-1	-1	-1	-1	-1	-1	2000	800	82	21	8	123779|126075|129079|132075|138664|141030	1
57	10248761	天赐金牌项链	1	1	2	4	75	-1	-1	-1	-1	-1	-1	-1	-1	-1	-1	-1	-1	-1	-1	-1	-1	-1	-1	-1	-1	-1	-1	-1	2000	800	82	21	8	123779|126075|129079|132075|138664|141030	1
58	10248762	天赐金牌项链	1	1	2	4	75	-1	-1	-1	-1	-1	-1	-1	-1	-1	-1	-1	-1	-1	-1	-1	-1	-1	-1	-1	-1	-1	-1	-1	2000	800	82	21	8	123779|126075|129079|132075|138664|141030	1
59	10248763	天赐金牌项链	1	1	2	4	75	-1	-1	-1	-1	-1	-1	-1	-1	-1	-1	-1	-1	-1	-1	-1	-1	-1	-1	-1	-1	-1	-1	-1	2000	800	82	21	8	123779|126075|129079|132075|138664|141030	1
60	10248764	天赐金牌项链	1	1	2	4	75	-1	-1	-1	-1	-1	-1	-1	-1	-1	-1	-1	-1	-1	-1	-1	-1	-1	-1	-1	-1	-1	-1	-1	2000	800	82	21	8	123779|126075|129079|132075|138664|141030	1
61	10248765	天赐金牌项链	1	1	2	4	75	-1	-1	-1	-1	-1	-1	-1	-1	-1	-1	-1	-1	-1	-1	-1	-1	-1	-1	-1	-1	-1	-1	-1	2000	800	82	21	8	123779|126075|129079|132075|138664|141030	1
62	10249290	天赐金牌项链	1	1	2	4	75	-1	-1	-1	-1	-1	-1	-1	-1	-1	-1	-1	-1	-1	-1	-1	-1	-1	-1	-1	-1	-1	-1	-1	2000	800	82	21	8	123779|126075|129079|132075|138664|141030	1
63	10249291	天赐金牌项链	1	1	2	4	75	-1	-1	-1	-1	-1	-1	-1	-1	-1	-1	-1	-1	-1	-1	-1	-1	-1	-1	-1	-1	-1	-1	-1	2000	800	82	21	8	123779|126075|129079|132075|138664|141030	1
64	10249292	天赐金牌项链	1	1	2	4	75	-1	-1	-1	-1	-1	-1	-1	-1	-1	-1	-1	-1	-1	-1	-1	-1	-1	-1	-1	-1	-1	-1	-1	2000	800	82	21	8	123779|126075|129079|132075|138664|141030	1
65	10249293	天赐金牌项链	1	1	2	4	75	-1	-1	-1	-1	-1	-1	-1	-1	-1	-1	-1	-1	-1	-1	-1	-1	-1	-1	-1	-1	-1	-1	-1	2000	800	82	21	8	123779|126075|129079|132075|138664|141030	1
66	10249294	天赐金牌项链	1	1	2	4	75	-1	-1	-1	-1	-1	-1	-1	-1	-1	-1	-1	-1	-1	-1	-1	-1	-1	-1	-1	-1	-1	-1	-1	2000	800	82	21	8	123779|126075|129079|132075|138664|141030	1
67	10249295	天赐金牌项链	1	1	2	4	75	-1	-1	-1	-1	-1	-1	-1	-1	-1	-1	-1	-1	-1	-1	-1	-1	-1	-1	-1	-1	-1	-1	-1	2000	800	82	21	8	123779|126075|129079|132075|138664|141030	1
68	10250205	辉光白虎护手	1	1	5	1	75	-1	-1	-1	-1	-1	-1	-1	-1	-1	-1	-1	-1	1	1	1	-1	-1	-1	-1	-1	-1	-1	-1	2000	800	50	25	8		0
69	10250305	辉光巨熊护手	1	1	5	1	75	-1	-1	-1	-1	-1	-1	-1	-1	-1	-1	-1	-1	1	1	1	-1	-1	-1	-1	-1	-1	-1	-1	2000	800	50	25	8		0
70	10250405	辉光天狼护手	1	1	5	1	75	-1	-1	-1	-1	-1	-1	-1	-1	-1	-1	-1	-1	1	1	1	-1	-1	-1	-1	-1	-1	-1	-1	2000	800	50	25	8		0
71	10250505	辉光猛雕护手	1	1	5	1	75	-1	-1	-1	-1	-1	-1	-1	-1	-1	-1	-1	-1	1	1	1	-1	-1	-1	-1	-1	-1	-1	-1	2000	800	50	25	8		0
72	10258760	天赐金牌护手	1	1	2	4	75	-1	-1	-1	-1	-1	-1	-1	-1	-1	-1	-1	-1	-1	-1	-1	-1	-1	-1	-1	-1	-1	-1	-1	2000	800	83	25	8	123779|126075|129079|132075|138664|141030	1
73	10258761	天赐金牌护手	1	1	2	4	75	-1	-1	-1	-1	-1	-1	-1	-1	-1	-1	-1	-1	-1	-1	-1	-1	-1	-1	-1	-1	-1	-1	-1	2000	800	83	25	8	123779|126075|129079|132075|138664|141030	1
74	10258762	天赐金牌护手	1	1	2	4	75	-1	-1	-1	-1	-1	-1	-1	-1	-1	-1	-1	-1	-1	-1	-1	-1	-1	-1	-1	-1	-1	-1	-1	2000	800	83	25	8	123779|126075|129079|132075|138664|141030	1
75	10258763	天赐金牌护手	1	1	2	4	75	-1	-1	-1	-1	-1	-1	-1	-1	-1	-1	-1	-1	-1	-1	-1	-1	-1	-1	-1	-1	-1	-1	-1	2000	800	83	25	8	123779|126075|129079|132075|138664|141030	1
76	10258764	天赐金牌护手	1	1	2	4	75	-1	-1	-1	-1	-1	-1	-1	-1	-1	-1	-1	-1	-1	-1	-1	-1	-1	-1	-1	-1	-1	-1	-1	2000	800	83	25	8	123779|126075|129079|132075|138664|141030	1
77	10258765	天赐金牌护手	1	1	2	4	75	-1	-1	-1	-1	-1	-1	-1	-1	-1	-1	-1	-1	-1	-1	-1	-1	-1	-1	-1	-1	-1	-1	-1	2000	800	83	25	8	123779|126075|129079|132075|138664|141030	1
78	10259290	天赐金牌护手	1	1	2	4	75	-1	-1	-1	-1	-1	-1	-1	-1	-1	-1	-1	-1	-1	-1	-1	-1	-1	-1	-1	-1	-1	-1	-1	2000	800	83	25	8	123779|126075|129079|132075|138664|141030	1
79	10259291	天赐金牌护手	1	1	2	4	75	-1	-1	-1	-1	-1	-1	-1	-1	-1	-1	-1	-1	-1	-1	-1	-1	-1	-1	-1	-1	-1	-1	-1	2000	800	83	25	8	123779|126075|129079|132075|138664|141030	1
80	10259292	天赐金牌护手	1	1	2	4	75	-1	-1	-1	-1	-1	-1	-1	-1	-1	-1	-1	-1	-1	-1	-1	-1	-1	-1	-1	-1	-1	-1	-1	2000	800	83	25	8	123779|126075|129079|132075|138664|141030	1
81	10259293	天赐金牌护手	1	1	2	4	75	-1	-1	-1	-1	-1	-1	-1	-1	-1	-1	-1	-1	-1	-1	-1	-1	-1	-1	-1	-1	-1	-1	-1	2000	800	83	25	8	123779|126075|129079|132075|138664|141030	1
82	10259294	天赐金牌护手	1	1	2	4	75	-1	-1	-1	-1	-1	-1	-1	-1	-1	-1	-1	-1	-1	-1	-1	-1	-1	-1	-1	-1	-1	-1	-1	2000	800	83	25	8	123779|126075|129079|132075|138664|141030	1
83	10259295	天赐金牌护手	1	1	2	4	75	-1	-1	-1	-1	-1	-1	-1	-1	-1	-1	-1	-1	-1	-1	-1	-1	-1	-1	-1	-1	-1	-1	-1	2000	800	83	25	8	123779|126075|129079|132075|138664|141030	1
84	10268760	天赐金牌腰带	1	1	3	4	75	-1	-1	-1	-1	-1	-1	-1	-1	-1	-1	-1	-1	-1	-1	-1	-1	-1	-1	-1	-1	-1	-1	-1	2000	800	81	26	8	123779|126075|129079|132075|138664|141030	1
85	10268761	天赐金牌腰带	1	1	3	4	75	-1	-1	-1	-1	-1	-1	-1	-1	-1	-1	-1	-1	-1	-1	-1	-1	-1	-1	-1	-1	-1	-1	-1	2000	800	81	26	8	123779|126075|129079|132075|138664|141030	1
86	10268762	天赐金牌腰带	1	1	3	4	75	-1	-1	-1	-1	-1	-1	-1	-1	-1	-1	-1	-1	-1	-1	-1	-1	-1	-1	-1	-1	-1	-1	-1	2000	800	81	26	8	123779|126075|129079|132075|138664|141030	1
87	10268763	天赐金牌腰带	1	1	3	4	75	-1	-1	-1	-1	-1	-1	-1	-1	-1	-1	-1	-1	-1	-1	-1	-1	-1	-1	-1	-1	-1	-1	-1	2000	800	81	26	8	123779|126075|129079|132075|138664|141030	1
88	10268764	天赐金牌腰带	1	1	3	4	75	-1	-1	-1	-1	-1	-1	-1	-1	-1	-1	-1	-1	-1	-1	-1	-1	-1	-1	-1	-1	-1	-1	-1	2000	800	81	26	8	123779|126075|129079|132075|138664|141030	1
89	10268765	天赐金牌腰带	1	1	3	4	75	-1	-1	-1	-1	-1	-1	-1	-1	-1	-1	-1	-1	-1	-1	-1	-1	-1	-1	-1	-1	-1	-1	-1	2000	800	81	26	8	123779|126075|129079|132075|138664|141030	1
90	10269290	天赐金牌腰带	1	1	3	4	75	-1	-1	-1	-1	-1	-1	-1	-1	-1	-1	-1	-1	-1	-1	-1	-1	-1	-1	-1	-1	-1	-1	-1	2000	800	81	26	8	123779|126075|129079|132075|138664|141030	1
91	10269291	天赐金牌腰带	1	1	3	4	75	-1	-1	-1	-1	-1	-1	-1	-1	-1	-1	-1	-1	-1	-1	-1	-1	-1	-1	-1	-1	-1	-1	-1	2000	800	81	26	8	123779|126075|129079|132075|138664|141030	1
92	10269292	天赐金牌腰带	1	1	3	4	75	-1	-1	-1	-1	-1	-1	-1	-1	-1	-1	-1	-1	-1	-1	-1	-1	-1	-1	-1	-1	-1	-1	-1	2000	800	81	26	8	123779|126075|129079|132075|138664|141030	1
93	10269293	天赐金牌腰带	1	1	3	4	75	-1	-1	-1	-1	-1	-1	-1	-1	-1	-1	-1	-1	-1	-1	-1	-1	-1	-1	-1	-1	-1	-1	-1	2000	800	81	26	8	123779|126075|129079|132075|138664|141030	1
94	10269294	天赐金牌腰带	1	1	3	4	75	-1	-1	-1	-1	-1	-1	-1	-1	-1	-1	-1	-1	-1	-1	-1	-1	-1	-1	-1	-1	-1	-1	-1	2000	800	81	26	8	123779|126075|129079|132075|138664|141030	1
95	10269295	天赐金牌腰带	1	1	3	4	75	-1	-1	-1	-1	-1	-1	-1	-1	-1	-1	-1	-1	-1	-1	-1	-1	-1	-1	-1	-1	-1	-1	-1	2000	800	81	26	8	123779|126075|129079|132075|138664|141030	1
96	10270205	辉光白虎靴	1	1	5	1	75	-1	-1	-1	-1	-1	-1	-1	-1	-1	-1	-1	-1	1	1	1	-1	-1	-1	-1	-1	-1	-1	-1	2000	800	50	27	8		0
97	10270305	辉光巨熊靴	1	1	5	1	75	-1	-1	-1	-1	-1	-1	-1	-1	-1	-1	-1	-1	1	1	1	-1	-1	-1	-1	-1	-1	-1	-1	2000	800	50	27	8		0
98	10270405	辉光天狼靴	1	1	5	1	75	-1	-1	-1	-1	-1	-1	-1	-1	-1	-1	-1	-1	1	1	1	-1	-1	-1	-1	-1	-1	-1	-1	2000	800	50	27	8		0
99	10270505	辉光猛雕靴	1	1	5	1	75	-1	-1	-1	-1	-1	-1	-1	-1	-1	-1	-1	-1	1	1	1	-1	-1	-1	-1	-1	-1	-1	-1	2000	800	50	27	8		0
100	10278760	天赐金牌之靴	1	1	3	4	75	-1	-1	-1	-1	-1	-1	-1	-1	-1	-1	-1	-1	-1	-1	-1	-1	-1	-1	-1	-1	-1	-1	-1	2000	800	82	27	8	123779|126075|129079|132075|138664|141030	1
101	10278761	天赐金牌之靴	1	1	3	4	75	-1	-1	-1	-1	-1	-1	-1	-1	-1	-1	-1	-1	-1	-1	-1	-1	-1	-1	-1	-1	-1	-1	-1	2000	800	82	27	8	123779|126075|129079|132075|138664|141030	1
102	10278762	天赐金牌之靴	1	1	3	4	75	-1	-1	-1	-1	-1	-1	-1	-1	-1	-1	-1	-1	-1	-1	-1	-1	-1	-1	-1	-1	-1	-1	-1	2000	800	82	27	8	123779|126075|129079|132075|138664|141030	1
103	10278763	天赐金牌之靴	1	1	3	4	75	-1	-1	-1	-1	-1	-1	-1	-1	-1	-1	-1	-1	-1	-1	-1	-1	-1	-1	-1	-1	-1	-1	-1	2000	800	82	27	8	123779|126075|129079|132075|138664|141030	1
104	10278764	天赐金牌之靴	1	1	3	4	75	-1	-1	-1	-1	-1	-1	-1	-1	-1	-1	-1	-1	-1	-1	-1	-1	-1	-1	-1	-1	-1	-1	-1	2000	800	82	27	8	123779|126075|129079|132075|138664|141030	1
105	10278765	天赐金牌之靴	1	1	3	4	75	-1	-1	-1	-1	-1	-1	-1	-1	-1	-1	-1	-1	-1	-1	-1	-1	-1	-1	-1	-1	-1	-1	-1	2000	800	82	27	8	123779|126075|129079|132075|138664|141030	1
106	10279290	天赐金牌之靴	1	1	3	4	75	-1	-1	-1	-1	-1	-1	-1	-1	-1	-1	-1	-1	-1	-1	-1	-1	-1	-1	-1	-1	-1	-1	-1	2000	800	82	27	8	123779|126075|129079|132075|138664|141030	1
107	10279291	天赐金牌之靴	1	1	3	4	75	-1	-1	-1	-1	-1	-1	-1	-1	-1	-1	-1	-1	-1	-1	-1	-1	-1	-1	-1	-1	-1	-1	-1	2000	800	82	27	8	123779|126075|129079|132075|138664|141030	1
108	10279292	天赐金牌之靴	1	1	3	4	75	-1	-1	-1	-1	-1	-1	-1	-1	-1	-1	-1	-1	-1	-1	-1	-1	-1	-1	-1	-1	-1	-1	-1	2000	800	82	27	8	123779|126075|129079|132075|138664|141030	1
109	10279293	天赐金牌之靴	1	1	3	4	75	-1	-1	-1	-1	-1	-1	-1	-1	-1	-1	-1	-1	-1	-1	-1	-1	-1	-1	-1	-1	-1	-1	-1	2000	800	82	27	8	123779|126075|129079|132075|138664|141030	1
110	10279294	天赐金牌之靴	1	1	3	4	75	-1	-1	-1	-1	-1	-1	-1	-1	-1	-1	-1	-1	-1	-1	-1	-1	-1	-1	-1	-1	-1	-1	-1	2000	800	82	27	8	123779|126075|129079|132075|138664|141030	1
111	10279295	天赐金牌之靴	1	1	3	4	75	-1	-1	-1	-1	-1	-1	-1	-1	-1	-1	-1	-1	-1	-1	-1	-1	-1	-1	-1	-1	-1	-1	-1	2000	800	82	27	8	123779|126075|129079|132075|138664|141030	1
112	10284001	世传君主戒指	1	1	5	1	75	-1	-1	-1	-1	-1	-1	-1	-1	-1	-1	-1	-1	-1	-1	-1	-1	-1	-1	-1	-1	-1	-1	-1	2000	800	38	28	8	123779|126075|129079|132075|138664|141030	1
113	10284002	国传君主戒指	1	1	5	2	75	-1	-1	-1	-1	-1	-1	-1	-1	-1	-1	-1	-1	-1	-1	-1	-1	-1	-1	-1	-1	-1	-1	-1	2000	800	58	28	8	123779|126075|129079|132075|138664|141030	1
114	10284003	神传君主戒指	1	1	5	3	75	-1	-1	-1	-1	-1	-1	-1	-1	-1	-1	-1	-1	-1	-1	-1	-1	-1	-1	-1	-1	-1	-1	-1	2000	800	68	28	8	123779|126075|129079|132075|138664|141030	1
115	10284004	天传君主戒指	1	1	2	4	75	-1	-1	-1	-1	-1	-1	-1	-1	-1	-1	-1	-1	-1	-1	-1	-1	-1	-1	-1	-1	-1	-1	-1	2000	800	84	28	8	123779|126075|129079|132075|138664|141030	1
116	10284011	世传君主戒指	1	1	5	1	75	-1	-1	-1	-1	-1	-1	-1	-1	-1	-1	-1	-1	-1	-1	-1	-1	-1	-1	-1	-1	-1	-1	-1	2000	800	38	28	8	123779|126075|129079|132075|138664|141030	1
117	10284012	国传君主戒指	1	1	5	2	75	-1	-1	-1	-1	-1	-1	-1	-1	-1	-1	-1	-1	-1	-1	-1	-1	-1	-1	-1	-1	-1	-1	-1	2000	800	58	28	8	123779|126075|129079|132075|138664|141030	1
118	10284013	神传君主戒指	1	1	5	3	75	-1	-1	-1	-1	-1	-1	-1	-1	-1	-1	-1	-1	-1	-1	-1	-1	-1	-1	-1	-1	-1	-1	-1	2000	800	68	28	8	123779|126075|129079|132075|138664|141030	1
119	10284014	天传君主戒指	1	1	2	4	75	-1	-1	-1	-1	-1	-1	-1	-1	-1	-1	-1	-1	-1	-1	-1	-1	-1	-1	-1	-1	-1	-1	-1	2000	800	84	28	8	123779|126075|129079|132075|138664|141030	1
120	10284021	世传君主戒指	1	1	5	1	75	-1	-1	-1	-1	-1	-1	-1	-1	-1	-1	-1	-1	-1	-1	-1	-1	-1	-1	-1	-1	-1	-1	-1	2000	800	38	28	8	123779|126075|129079|132075|138664|141030	1
121	10284022	国传君主戒指	1	1	5	2	75	-1	-1	-1	-1	-1	-1	-1	-1	-1	-1	-1	-1	-1	-1	-1	-1	-1	-1	-1	-1	-1	-1	-1	2000	800	58	28	8	123779|126075|129079|132075|138664|141030	1
122	10284023	神传君主戒指	1	1	5	3	75	-1	-1	-1	-1	-1	-1	-1	-1	-1	-1	-1	-1	-1	-1	-1	-1	-1	-1	-1	-1	-1	-1	-1	2000	800	68	28	8	123779|126075|129079|132075|138664|141030	1
123	10284024	天传君主戒指	1	1	2	4	75	-1	-1	-1	-1	-1	-1	-1	-1	-1	-1	-1	-1	-1	-1	-1	-1	-1	-1	-1	-1	-1	-1	-1	2000	800	84	28	8	123779|126075|129079|132075|138664|141030	1
124	10284031	世传君主戒指	1	1	5	1	75	-1	-1	-1	-1	-1	-1	-1	-1	-1	-1	-1	-1	-1	-1	-1	-1	-1	-1	-1	-1	-1	-1	-1	2000	800	38	28	8	123779|126075|129079|132075|138664|141030	1
125	10284032	国传君主戒指	1	1	5	2	75	-1	-1	-1	-1	-1	-1	-1	-1	-1	-1	-1	-1	-1	-1	-1	-1	-1	-1	-1	-1	-1	-1	-1	2000	800	58	28	8	123779|126075|129079|132075|138664|141030	1
126	10284033	神传君主戒指	1	1	5	3	75	-1	-1	-1	-1	-1	-1	-1	-1	-1	-1	-1	-1	-1	-1	-1	-1	-1	-1	-1	-1	-1	-1	-1	2000	800	68	28	8	123779|126075|129079|132075|138664|141030	1
127	10284034	天传君主戒指	1	1	2	4	75	-1	-1	-1	-1	-1	-1	-1	-1	-1	-1	-1	-1	-1	-1	-1	-1	-1	-1	-1	-1	-1	-1	-1	2000	800	84	28	8	123779|126075|129079|132075|138664|141030	1
128	10284041	世传君主戒指	1	1	5	1	75	-1	-1	-1	-1	-1	-1	-1	-1	-1	-1	-1	-1	-1	-1	-1	-1	-1	-1	-1	-1	-1	-1	-1	2000	800	38	28	8	123779|126075|129079|132075|138664|141030	1
129	10284042	国传君主戒指	1	1	5	2	75	-1	-1	-1	-1	-1	-1	-1	-1	-1	-1	-1	-1	-1	-1	-1	-1	-1	-1	-1	-1	-1	-1	-1	2000	800	58	28	8	123779|126075|129079|132075|138664|141030	1
130	10284043	神传君主戒指	1	1	5	3	75	-1	-1	-1	-1	-1	-1	-1	-1	-1	-1	-1	-1	-1	-1	-1	-1	-1	-1	-1	-1	-1	-1	-1	2000	800	68	28	8	123779|126075|129079|132075|138664|141030	1
131	10284044	天传君主戒指	1	1	2	4	75	-1	-1	-1	-1	-1	-1	-1	-1	-1	-1	-1	-1	-1	-1	-1	-1	-1	-1	-1	-1	-1	-1	-1	2000	800	84	28	8	123779|126075|129079|132075|138664|141030	1
132	10284051	世传君主戒指	1	1	5	1	75	-1	-1	-1	-1	-1	-1	-1	-1	-1	-1	-1	-1	-1	-1	-1	-1	-1	-1	-1	-1	-1	-1	-1	2000	800	38	28	8	123779|126075|129079|132075|138664|141030	1
133	10284052	国传君主戒指	1	1	5	2	75	-1	-1	-1	-1	-1	-1	-1	-1	-1	-1	-1	-1	-1	-1	-1	-1	-1	-1	-1	-1	-1	-1	-1	2000	800	58	28	8	123779|126075|129079|132075|138664|141030	1
134	10284053	神传君主戒指	1	1	5	3	75	-1	-1	-1	-1	-1	-1	-1	-1	-1	-1	-1	-1	-1	-1	-1	-1	-1	-1	-1	-1	-1	-1	-1	2000	800	68	28	8	123779|126075|129079|132075|138664|141030	1
135	10284054	天传君主戒指	1	1	2	4	75	-1	-1	-1	-1	-1	-1	-1	-1	-1	-1	-1	-1	-1	-1	-1	-1	-1	-1	-1	-1	-1	-1	-1	2000	800	84	28	8	123779|126075|129079|132075|138664|141030	1
136	10284071	天赐金牌戒指	1	1	2	4	75	-1	-1	-1	-1	-1	-1	-1	-1	-1	-1	-1	-1	-1	-1	-1	-1	-1	-1	-1	-1	-1	-1	-1	2000	800	84	28	8	123779|126075|129079|132075|138664|141030	1
137	10284072	天赐金牌戒指	1	1	2	4	75	-1	-1	-1	-1	-1	-1	-1	-1	-1	-1	-1	-1	-1	-1	-1	-1	-1	-1	-1	-1	-1	-1	-1	2000	800	84	28	8	123779|126075|129079|132075|138664|141030	1
138	10284073	天赐金牌戒指	1	1	2	4	75	-1	-1	-1	-1	-1	-1	-1	-1	-1	-1	-1	-1	-1	-1	-1	-1	-1	-1	-1	-1	-1	-1	-1	2000	800	84	28	8	123779|126075|129079|132075|138664|141030	1
139	10284074	天赐金牌戒指	1	1	2	4	75	-1	-1	-1	-1	-1	-1	-1	-1	-1	-1	-1	-1	-1	-1	-1	-1	-1	-1	-1	-1	-1	-1	-1	2000	800	84	28	8	123779|126075|129079|132075|138664|141030	1
140	10284075	天赐金牌戒指	1	1	2	4	75	-1	-1	-1	-1	-1	-1	-1	-1	-1	-1	-1	-1	-1	-1	-1	-1	-1	-1	-1	-1	-1	-1	-1	2000	800	84	28	8	123779|126075|129079|132075|138664|141030	1
141	10284076	天赐金牌戒指	1	1	2	4	75	-1	-1	-1	-1	-1	-1	-1	-1	-1	-1	-1	-1	-1	-1	-1	-1	-1	-1	-1	-1	-1	-1	-1	2000	800	84	28	8	123779|126075|129079|132075|138664|141030	1
142	10288018	世传君主戒指	1	1	5	1	75	-1	-1	-1	-1	-1	-1	-1	-1	-1	-1	-1	-1	-1	-1	-1	-1	-1	-1	-1	-1	-1	-1	-1	2000	800	38	28	8	123779|126075|129079|132075|138664|141030	1
143	10288019	国传君主戒指	1	1	5	2	75	-1	-1	-1	-1	-1	-1	-1	-1	-1	-1	-1	-1	-1	-1	-1	-1	-1	-1	-1	-1	-1	-1	-1	2000	800	58	28	8	123779|126075|129079|132075|138664|141030	1
144	10288020	神传君主戒指	1	1	5	3	75	-1	-1	-1	-1	-1	-1	-1	-1	-1	-1	-1	-1	-1	-1	-1	-1	-1	-1	-1	-1	-1	-1	-1	2000	800	68	28	8	123779|126075|129079|132075|138664|141030	1
145	10288021	天传君主戒指	1	1	2	4	75	-1	-1	-1	-1	-1	-1	-1	-1	-1	-1	-1	-1	-1	-1	-1	-1	-1	-1	-1	-1	-1	-1	-1	2000	800	84	28	8	123779|126075|129079|132075|138664|141030	1
146	10288022	世传君主戒指	1	1	5	1	75	-1	-1	-1	-1	-1	-1	-1	-1	-1	-1	-1	-1	-1	-1	-1	-1	-1	-1	-1	-1	-1	-1	-1	2000	800	38	28	8	123779|126075|129079|132075|138664|141030	1
147	10288023	国传君主戒指	1	1	5	2	75	-1	-1	-1	-1	-1	-1	-1	-1	-1	-1	-1	-1	-1	-1	-1	-1	-1	-1	-1	-1	-1	-1	-1	2000	800	58	28	8	123779|126075|129079|132075|138664|141030	1
148	10288024	神传君主戒指	1	1	5	3	75	-1	-1	-1	-1	-1	-1	-1	-1	-1	-1	-1	-1	-1	-1	-1	-1	-1	-1	-1	-1	-1	-1	-1	2000	800	68	28	8	123779|126075|129079|132075|138664|141030	1
149	10288025	天传君主戒指	1	1	2	4	75	-1	-1	-1	-1	-1	-1	-1	-1	-1	-1	-1	-1	-1	-1	-1	-1	-1	-1	-1	-1	-1	-1	-1	2000	800	84	28	8	123779|126075|129079|132075|138664|141030	1
150	10288026	世传君主戒指	1	1	5	1	75	-1	-1	-1	-1	-1	-1	-1	-1	-1	-1	-1	-1	-1	-1	-1	-1	-1	-1	-1	-1	-1	-1	-1	2000	800	38	28	8	123779|126075|129079|132075|138664|141030	1
151	10288027	国传君主戒指	1	1	5	2	75	-1	-1	-1	-1	-1	-1	-1	-1	-1	-1	-1	-1	-1	-1	-1	-1	-1	-1	-1	-1	-1	-1	-1	2000	800	58	28	8	123779|126075|129079|132075|138664|141030	1
152	10288028	神传君主戒指	1	1	5	3	75	-1	-1	-1	-1	-1	-1	-1	-1	-1	-1	-1	-1	-1	-1	-1	-1	-1	-1	-1	-1	-1	-1	-1	2000	800	68	28	8	123779|126075|129079|132075|138664|141030	1
153	10288029	天传君主戒指	1	1	2	4	75	-1	-1	-1	-1	-1	-1	-1	-1	-1	-1	-1	-1	-1	-1	-1	-1	-1	-1	-1	-1	-1	-1	-1	2000	800	84	28	8	123779|126075|129079|132075|138664|141030	1
154	10288030	世传君主戒指	1	1	5	1	75	-1	-1	-1	-1	-1	-1	-1	-1	-1	-1	-1	-1	-1	-1	-1	-1	-1	-1	-1	-1	-1	-1	-1	2000	800	38	28	8	123779|126075|129079|132075|138664|141030	1
155	10288031	国传君主戒指	1	1	5	2	75	-1	-1	-1	-1	-1	-1	-1	-1	-1	-1	-1	-1	-1	-1	-1	-1	-1	-1	-1	-1	-1	-1	-1	2000	800	58	28	8	123779|126075|129079|132075|138664|141030	1
156	10288032	神传君主戒指	1	1	5	3	75	-1	-1	-1	-1	-1	-1	-1	-1	-1	-1	-1	-1	-1	-1	-1	-1	-1	-1	-1	-1	-1	-1	-1	2000	800	68	28	8	123779|126075|129079|132075|138664|141030	1
157	10288033	天传君主戒指	1	1	2	4	75	-1	-1	-1	-1	-1	-1	-1	-1	-1	-1	-1	-1	-1	-1	-1	-1	-1	-1	-1	-1	-1	-1	-1	2000	800	84	28	8	123779|126075|129079|132075|138664|141030	1
158	10288034	世传君主戒指	1	1	5	1	75	-1	-1	-1	-1	-1	-1	-1	-1	-1	-1	-1	-1	-1	-1	-1	-1	-1	-1	-1	-1	-1	-1	-1	2000	800	38	28	8	123779|126075|129079|132075|138664|141030	1
159	10288035	国传君主戒指	1	1	5	2	75	-1	-1	-1	-1	-1	-1	-1	-1	-1	-1	-1	-1	-1	-1	-1	-1	-1	-1	-1	-1	-1	-1	-1	2000	800	58	28	8	123779|126075|129079|132075|138664|141030	1
160	10288036	神传君主戒指	1	1	5	3	75	-1	-1	-1	-1	-1	-1	-1	-1	-1	-1	-1	-1	-1	-1	-1	-1	-1	-1	-1	-1	-1	-1	-1	2000	800	68	28	8	123779|126075|129079|132075|138664|141030	1
161	10288037	天传君主戒指	1	1	2	4	75	-1	-1	-1	-1	-1	-1	-1	-1	-1	-1	-1	-1	-1	-1	-1	-1	-1	-1	-1	-1	-1	-1	-1	2000	800	84	28	8	123779|126075|129079|132075|138664|141030	1
162	10288038	世传君主戒指	1	1	5	1	75	-1	-1	-1	-1	-1	-1	-1	-1	-1	-1	-1	-1	-1	-1	-1	-1	-1	-1	-1	-1	-1	-1	-1	2000	800	38	28	8	123779|126075|129079|132075|138664|141030	1
163	10288039	国传君主戒指	1	1	5	2	75	-1	-1	-1	-1	-1	-1	-1	-1	-1	-1	-1	-1	-1	-1	-1	-1	-1	-1	-1	-1	-1	-1	-1	2000	800	58	28	8	123779|126075|129079|132075|138664|141030	1
164	10288040	神传君主戒指	1	1	5	3	75	-1	-1	-1	-1	-1	-1	-1	-1	-1	-1	-1	-1	-1	-1	-1	-1	-1	-1	-1	-1	-1	-1	-1	2000	800	68	28	8	123779|126075|129079|132075|138664|141030	1
165	10288041	天传君主戒指	1	1	2	4	75	-1	-1	-1	-1	-1	-1	-1	-1	-1	-1	-1	-1	-1	-1	-1	-1	-1	-1	-1	-1	-1	-1	-1	2000	800	84	28	8	123779|126075|129079|132075|138664|141030	1
166	10288048	天赐金牌戒指	1	1	2	4	75	-1	-1	-1	-1	-1	-1	-1	-1	-1	-1	-1	-1	-1	-1	-1	-1	-1	-1	-1	-1	-1	-1	-1	2000	800	84	28	8	123779|126075|129079|132075|138664|141030	1
167	10288049	天赐金牌戒指	1	1	2	4	75	-1	-1	-1	-1	-1	-1	-1	-1	-1	-1	-1	-1	-1	-1	-1	-1	-1	-1	-1	-1	-1	-1	-1	2000	800	84	28	8	123779|126075|129079|132075|138664|141030	1
168	10288050	天赐金牌戒指	1	1	2	4	75	-1	-1	-1	-1	-1	-1	-1	-1	-1	-1	-1	-1	-1	-1	-1	-1	-1	-1	-1	-1	-1	-1	-1	2000	800	84	28	8	123779|126075|129079|132075|138664|141030	1
169	10288051	天赐金牌戒指	1	1	2	4	75	-1	-1	-1	-1	-1	-1	-1	-1	-1	-1	-1	-1	-1	-1	-1	-1	-1	-1	-1	-1	-1	-1	-1	2000	800	84	28	8	123779|126075|129079|132075|138664|141030	1
170	10288052	天赐金牌戒指	1	1	2	4	75	-1	-1	-1	-1	-1	-1	-1	-1	-1	-1	-1	-1	-1	-1	-1	-1	-1	-1	-1	-1	-1	-1	-1	2000	800	84	28	8	123779|126075|129079|132075|138664|141030	1
171	10288053	天赐金牌戒指	1	1	2	4	75	-1	-1	-1	-1	-1	-1	-1	-1	-1	-1	-1	-1	-1	-1	-1	-1	-1	-1	-1	-1	-1	-1	-1	2000	800	84	28	8	123779|126075|129079|132075|138664|141030	1
172	10288100	冥传君主戒指	1	1	5	4	75	-1	-1	-1	-1	-1	-1	-1	-1	-1	-1	-1	-1	-1	-1	-1	-1	-1	-1	-1	-1	-1	-1	-1	2000	800	104	28	8	123779|126075|129079|132075|138664|141030	1
173	10288101	冥传君主戒指	1	1	5	4	75	-1	-1	-1	-1	-1	-1	-1	-1	-1	-1	-1	-1	-1	-1	-1	-1	-1	-1	-1	-1	-1	-1	-1	2000	800	104	28	8	123779|126075|129079|132075|138664|141030	1
174	10288102	冥传君主戒指	1	1	5	4	75	-1	-1	-1	-1	-1	-1	-1	-1	-1	-1	-1	-1	-1	-1	-1	-1	-1	-1	-1	-1	-1	-1	-1	2000	800	104	28	8	123779|126075|129079|132075|138664|141030	1
175	10288103	冥传君主戒指	1	1	5	4	75	-1	-1	-1	-1	-1	-1	-1	-1	-1	-1	-1	-1	-1	-1	-1	-1	-1	-1	-1	-1	-1	-1	-1	2000	800	104	28	8	123779|126075|129079|132075|138664|141030	1
176	10288104	冥传君主戒指	1	1	5	4	75	-1	-1	-1	-1	-1	-1	-1	-1	-1	-1	-1	-1	-1	-1	-1	-1	-1	-1	-1	-1	-1	-1	-1	2000	800	104	28	8	123779|126075|129079|132075|138664|141030	1
177	10288105	冥传君主戒指	1	1	5	4	75	-1	-1	-1	-1	-1	-1	-1	-1	-1	-1	-1	-1	-1	-1	-1	-1	-1	-1	-1	-1	-1	-1	-1	2000	800	104	28	8	123779|126075|129079|132075|138664|141030	1
178	10288106	冥传君主戒指	1	1	5	4	75	-1	-1	-1	-1	-1	-1	-1	-1	-1	-1	-1	-1	-1	-1	-1	-1	-1	-1	-1	-1	-1	-1	-1	2000	800	104	28	8	123779|126075|129079|132075|138664|141030	1
179	10288107	冥传君主戒指	1	1	5	4	75	-1	-1	-1	-1	-1	-1	-1	-1	-1	-1	-1	-1	-1	-1	-1	-1	-1	-1	-1	-1	-1	-1	-1	2000	800	104	28	8	123779|126075|129079|132075|138664|141030	1
180	10288108	冥传君主戒指	1	1	5	4	75	-1	-1	-1	-1	-1	-1	-1	-1	-1	-1	-1	-1	-1	-1	-1	-1	-1	-1	-1	-1	-1	-1	-1	2000	800	104	28	8	123779|126075|129079|132075|138664|141030	1
181	10288109	冥传君主戒指	1	1	5	4	75	-1	-1	-1	-1	-1	-1	-1	-1	-1	-1	-1	-1	-1	-1	-1	-1	-1	-1	-1	-1	-1	-1	-1	2000	800	104	28	8	123779|126075|129079|132075|138664|141030	1
182	10288110	冥传君主戒指	1	1	5	4	75	-1	-1	-1	-1	-1	-1	-1	-1	-1	-1	-1	-1	-1	-1	-1	-1	-1	-1	-1	-1	-1	-1	-1	2000	800	104	28	8	123779|126075|129079|132075|138664|141030	1
183	10288111	冥传君主戒指	1	1	5	4	75	-1	-1	-1	-1	-1	-1	-1	-1	-1	-1	-1	-1	-1	-1	-1	-1	-1	-1	-1	-1	-1	-1	-1	2000	800	104	28	8	123779|126075|129079|132075|138664|141030	1
184	10294001	世传君主手镯	1	1	5	1	75	-1	-1	-1	-1	-1	-1	-1	-1	-1	-1	-1	-1	-1	-1	-1	-1	-1	-1	-1	-1	-1	-1	-1	2000	800	36	29	8	123779|126075|129079|132075|138664|141030	1
185	10294002	国传君主手镯	1	1	5	2	75	-1	-1	-1	-1	-1	-1	-1	-1	-1	-1	-1	-1	-1	-1	-1	-1	-1	-1	-1	-1	-1	-1	-1	2000	800	56	29	8	123779|126075|129079|132075|138664|141030	1
186	10294003	神传君主手镯	1	1	5	3	75	-1	-1	-1	-1	-1	-1	-1	-1	-1	-1	-1	-1	-1	-1	-1	-1	-1	-1	-1	-1	-1	-1	-1	2000	800	66	29	8	123779|126075|129079|132075|138664|141030	1
187	10294004	天传君主手镯	1	1	2	4	75	-1	-1	-1	-1	-1	-1	-1	-1	-1	-1	-1	-1	-1	-1	-1	-1	-1	-1	-1	-1	-1	-1	-1	2000	800	83	29	8	123779|126075|129079|132075|138664|141030	1
188	10294011	世传君主手镯	1	1	5	1	75	-1	-1	-1	-1	-1	-1	-1	-1	-1	-1	-1	-1	-1	-1	-1	-1	-1	-1	-1	-1	-1	-1	-1	2000	800	36	29	8	123779|126075|129079|132075|138664|141030	1
189	10294012	国传君主手镯	1	1	5	2	75	-1	-1	-1	-1	-1	-1	-1	-1	-1	-1	-1	-1	-1	-1	-1	-1	-1	-1	-1	-1	-1	-1	-1	2000	800	56	29	8	123779|126075|129079|132075|138664|141030	1
190	10294013	神传君主手镯	1	1	5	3	75	-1	-1	-1	-1	-1	-1	-1	-1	-1	-1	-1	-1	-1	-1	-1	-1	-1	-1	-1	-1	-1	-1	-1	2000	800	66	29	8	123779|126075|129079|132075|138664|141030	1
191	10294014	天传君主手镯	1	1	2	4	75	-1	-1	-1	-1	-1	-1	-1	-1	-1	-1	-1	-1	-1	-1	-1	-1	-1	-1	-1	-1	-1	-1	-1	2000	800	83	29	8	123779|126075|129079|132075|138664|141030	1
192	10294021	世传君主手镯	1	1	5	1	75	-1	-1	-1	-1	-1	-1	-1	-1	-1	-1	-1	-1	-1	-1	-1	-1	-1	-1	-1	-1	-1	-1	-1	2000	800	36	29	8	123779|126075|129079|132075|138664|141030	1
193	10294022	国传君主手镯	1	1	5	2	75	-1	-1	-1	-1	-1	-1	-1	-1	-1	-1	-1	-1	-1	-1	-1	-1	-1	-1	-1	-1	-1	-1	-1	2000	800	56	29	8	123779|126075|129079|132075|138664|141030	1
194	10294023	神传君主手镯	1	1	5	3	75	-1	-1	-1	-1	-1	-1	-1	-1	-1	-1	-1	-1	-1	-1	-1	-1	-1	-1	-1	-1	-1	-1	-1	2000	800	66	29	8	123779|126075|129079|132075|138664|141030	1
195	10294024	天传君主手镯	1	1	2	4	75	-1	-1	-1	-1	-1	-1	-1	-1	-1	-1	-1	-1	-1	-1	-1	-1	-1	-1	-1	-1	-1	-1	-1	2000	800	83	29	8	123779|126075|129079|132075|138664|141030	1
196	10294031	世传君主手镯	1	1	5	1	75	-1	-1	-1	-1	-1	-1	-1	-1	-1	-1	-1	-1	-1	-1	-1	-1	-1	-1	-1	-1	-1	-1	-1	2000	800	36	29	8	123779|126075|129079|132075|138664|141030	1
197	10294032	国传君主手镯	1	1	5	2	75	-1	-1	-1	-1	-1	-1	-1	-1	-1	-1	-1	-1	-1	-1	-1	-1	-1	-1	-1	-1	-1	-1	-1	2000	800	56	29	8	123779|126075|129079|132075|138664|141030	1
198	10294033	神传君主手镯	1	1	5	3	75	-1	-1	-1	-1	-1	-1	-1	-1	-1	-1	-1	-1	-1	-1	-1	-1	-1	-1	-1	-1	-1	-1	-1	2000	800	66	29	8	123779|126075|129079|132075|138664|141030	1
199	10294034	天传君主手镯	1	1	2	4	75	-1	-1	-1	-1	-1	-1	-1	-1	-1	-1	-1	-1	-1	-1	-1	-1	-1	-1	-1	-1	-1	-1	-1	2000	800	83	29	8	123779|126075|129079|132075|138664|141030	1
200	10294041	世传君主手镯	1	1	5	1	75	-1	-1	-1	-1	-1	-1	-1	-1	-1	-1	-1	-1	-1	-1	-1	-1	-1	-1	-1	-1	-1	-1	-1	2000	800	36	29	8	123779|126075|129079|132075|138664|141030	1
201	10294042	国传君主手镯	1	1	5	2	75	-1	-1	-1	-1	-1	-1	-1	-1	-1	-1	-1	-1	-1	-1	-1	-1	-1	-1	-1	-1	-1	-1	-1	2000	800	56	29	8	123779|126075|129079|132075|138664|141030	1
202	10294043	神传君主手镯	1	1	5	3	75	-1	-1	-1	-1	-1	-1	-1	-1	-1	-1	-1	-1	-1	-1	-1	-1	-1	-1	-1	-1	-1	-1	-1	2000	800	66	29	8	123779|126075|129079|132075|138664|141030	1
203	10294044	天传君主手镯	1	1	2	4	75	-1	-1	-1	-1	-1	-1	-1	-1	-1	-1	-1	-1	-1	-1	-1	-1	-1	-1	-1	-1	-1	-1	-1	2000	800	83	29	8	123779|126075|129079|132075|138664|141030	1
204	10294051	世传君主手镯	1	1	5	1	75	-1	-1	-1	-1	-1	-1	-1	-1	-1	-1	-1	-1	-1	-1	-1	-1	-1	-1	-1	-1	-1	-1	-1	2000	800	36	29	8	123779|126075|129079|132075|138664|141030	1
205	10294052	国传君主手镯	1	1	5	2	75	-1	-1	-1	-1	-1	-1	-1	-1	-1	-1	-1	-1	-1	-1	-1	-1	-1	-1	-1	-1	-1	-1	-1	2000	800	56	29	8	123779|126075|129079|132075|138664|141030	1
206	10294053	神传君主手镯	1	1	5	3	75	-1	-1	-1	-1	-1	-1	-1	-1	-1	-1	-1	-1	-1	-1	-1	-1	-1	-1	-1	-1	-1	-1	-1	2000	800	66	29	8	123779|126075|129079|132075|138664|141030	1
207	10294054	天传君主手镯	1	1	2	4	75	-1	-1	-1	-1	-1	-1	-1	-1	-1	-1	-1	-1	-1	-1	-1	-1	-1	-1	-1	-1	-1	-1	-1	2000	800	83	29	8	123779|126075|129079|132075|138664|141030	1
208	10294071	天赐金牌手镯	1	1	2	4	75	-1	-1	-1	-1	-1	-1	-1	-1	-1	-1	-1	-1	-1	-1	-1	-1	-1	-1	-1	-1	-1	-1	-1	2000	800	83	29	8	123779|126075|129079|132075|138664|141030	1
209	10294072	天赐金牌手镯	1	1	2	4	75	-1	-1	-1	-1	-1	-1	-1	-1	-1	-1	-1	-1	-1	-1	-1	-1	-1	-1	-1	-1	-1	-1	-1	2000	800	83	29	8	123779|126075|129079|132075|138664|141030	1
210	10294073	天赐金牌手镯	1	1	2	4	75	-1	-1	-1	-1	-1	-1	-1	-1	-1	-1	-1	-1	-1	-1	-1	-1	-1	-1	-1	-1	-1	-1	-1	2000	800	83	29	8	123779|126075|129079|132075|138664|141030	1
211	10294074	天赐金牌手镯	1	1	2	4	75	-1	-1	-1	-1	-1	-1	-1	-1	-1	-1	-1	-1	-1	-1	-1	-1	-1	-1	-1	-1	-1	-1	-1	2000	800	83	29	8	123779|126075|129079|132075|138664|141030	1
212	10294075	天赐金牌手镯	1	1	2	4	75	-1	-1	-1	-1	-1	-1	-1	-1	-1	-1	-1	-1	-1	-1	-1	-1	-1	-1	-1	-1	-1	-1	-1	2000	800	83	29	8	123779|126075|129079|132075|138664|141030	1
213	10294076	天赐金牌手镯	1	1	2	4	75	-1	-1	-1	-1	-1	-1	-1	-1	-1	-1	-1	-1	-1	-1	-1	-1	-1	-1	-1	-1	-1	-1	-1	2000	800	83	29	8	123779|126075|129079|132075|138664|141030	1
214	10298018	世传君主手镯	1	1	5	1	75	-1	-1	-1	-1	-1	-1	-1	-1	-1	-1	-1	-1	-1	-1	-1	-1	-1	-1	-1	-1	-1	-1	-1	2000	800	36	29	8	123779|126075|129079|132075|138664|141030	1
215	10298019	国传君主手镯	1	1	5	2	75	-1	-1	-1	-1	-1	-1	-1	-1	-1	-1	-1	-1	-1	-1	-1	-1	-1	-1	-1	-1	-1	-1	-1	2000	800	56	29	8	123779|126075|129079|132075|138664|141030	1
216	10298020	神传君主手镯	1	1	5	3	75	-1	-1	-1	-1	-1	-1	-1	-1	-1	-1	-1	-1	-1	-1	-1	-1	-1	-1	-1	-1	-1	-1	-1	2000	800	66	29	8	123779|126075|129079|132075|138664|141030	1
217	10298021	天传君主手镯	1	1	2	4	75	-1	-1	-1	-1	-1	-1	-1	-1	-1	-1	-1	-1	-1	-1	-1	-1	-1	-1	-1	-1	-1	-1	-1	2000	800	83	29	8	123779|126075|129079|132075|138664|141030	1
218	10298022	世传君主手镯	1	1	5	1	75	-1	-1	-1	-1	-1	-1	-1	-1	-1	-1	-1	-1	-1	-1	-1	-1	-1	-1	-1	-1	-1	-1	-1	2000	800	36	29	8	123779|126075|129079|132075|138664|141030	1
219	10298023	国传君主手镯	1	1	5	2	75	-1	-1	-1	-1	-1	-1	-1	-1	-1	-1	-1	-1	-1	-1	-1	-1	-1	-1	-1	-1	-1	-1	-1	2000	800	56	29	8	123779|126075|129079|132075|138664|141030	1
220	10298024	神传君主手镯	1	1	5	3	75	-1	-1	-1	-1	-1	-1	-1	-1	-1	-1	-1	-1	-1	-1	-1	-1	-1	-1	-1	-1	-1	-1	-1	2000	800	66	29	8	123779|126075|129079|132075|138664|141030	1
221	10298025	天传君主手镯	1	1	2	4	75	-1	-1	-1	-1	-1	-1	-1	-1	-1	-1	-1	-1	-1	-1	-1	-1	-1	-1	-1	-1	-1	-1	-1	2000	800	83	29	8	123779|126075|129079|132075|138664|141030	1
222	10298026	世传君主手镯	1	1	5	1	75	-1	-1	-1	-1	-1	-1	-1	-1	-1	-1	-1	-1	-1	-1	-1	-1	-1	-1	-1	-1	-1	-1	-1	2000	800	36	29	8	123779|126075|129079|132075|138664|141030	1
223	10298027	国传君主手镯	1	1	5	2	75	-1	-1	-1	-1	-1	-1	-1	-1	-1	-1	-1	-1	-1	-1	-1	-1	-1	-1	-1	-1	-1	-1	-1	2000	800	56	29	8	123779|126075|129079|132075|138664|141030	1
224	10298028	神传君主手镯	1	1	5	3	75	-1	-1	-1	-1	-1	-1	-1	-1	-1	-1	-1	-1	-1	-1	-1	-1	-1	-1	-1	-1	-1	-1	-1	2000	800	66	29	8	123779|126075|129079|132075|138664|141030	1
225	10298029	天传君主手镯	1	1	2	4	75	-1	-1	-1	-1	-1	-1	-1	-1	-1	-1	-1	-1	-1	-1	-1	-1	-1	-1	-1	-1	-1	-1	-1	2000	800	83	29	8	123779|126075|129079|132075|138664|141030	1
226	10298030	世传君主手镯	1	1	5	1	75	-1	-1	-1	-1	-1	-1	-1	-1	-1	-1	-1	-1	-1	-1	-1	-1	-1	-1	-1	-1	-1	-1	-1	2000	800	36	29	8	123779|126075|129079|132075|138664|141030	1
227	10298031	国传君主手镯	1	1	5	2	75	-1	-1	-1	-1	-1	-1	-1	-1	-1	-1	-1	-1	-1	-1	-1	-1	-1	-1	-1	-1	-1	-1	-1	2000	800	56	29	8	123779|126075|129079|132075|138664|141030	1
228	10298032	神传君主手镯	1	1	5	3	75	-1	-1	-1	-1	-1	-1	-1	-1	-1	-1	-1	-1	-1	-1	-1	-1	-1	-1	-1	-1	-1	-1	-1	2000	800	66	29	8	123779|126075|129079|132075|138664|141030	1
229	10298033	天传君主手镯	1	1	2	4	75	-1	-1	-1	-1	-1	-1	-1	-1	-1	-1	-1	-1	-1	-1	-1	-1	-1	-1	-1	-1	-1	-1	-1	2000	800	83	29	8	123779|126075|129079|132075|138664|141030	1
230	10298034	世传君主手镯	1	1	5	1	75	-1	-1	-1	-1	-1	-1	-1	-1	-1	-1	-1	-1	-1	-1	-1	-1	-1	-1	-1	-1	-1	-1	-1	2000	800	36	29	8	123779|126075|129079|132075|138664|141030	1
231	10298035	国传君主手镯	1	1	5	2	75	-1	-1	-1	-1	-1	-1	-1	-1	-1	-1	-1	-1	-1	-1	-1	-1	-1	-1	-1	-1	-1	-1	-1	2000	800	56	29	8	123779|126075|129079|132075|138664|141030	1
232	10298036	神传君主手镯	1	1	5	3	75	-1	-1	-1	-1	-1	-1	-1	-1	-1	-1	-1	-1	-1	-1	-1	-1	-1	-1	-1	-1	-1	-1	-1	2000	800	66	29	8	123779|126075|129079|132075|138664|141030	1
233	10298037	天传君主手镯	1	1	2	4	75	-1	-1	-1	-1	-1	-1	-1	-1	-1	-1	-1	-1	-1	-1	-1	-1	-1	-1	-1	-1	-1	-1	-1	2000	800	83	29	8	123779|126075|129079|132075|138664|141030	1
234	10298038	世传君主手镯	1	1	5	1	75	-1	-1	-1	-1	-1	-1	-1	-1	-1	-1	-1	-1	-1	-1	-1	-1	-1	-1	-1	-1	-1	-1	-1	2000	800	36	29	8	123779|126075|129079|132075|138664|141030	1
235	10298039	国传君主手镯	1	1	5	2	75	-1	-1	-1	-1	-1	-1	-1	-1	-1	-1	-1	-1	-1	-1	-1	-1	-1	-1	-1	-1	-1	-1	-1	2000	800	56	29	8	123779|126075|129079|132075|138664|141030	1
236	10298040	神传君主手镯	1	1	5	3	75	-1	-1	-1	-1	-1	-1	-1	-1	-1	-1	-1	-1	-1	-1	-1	-1	-1	-1	-1	-1	-1	-1	-1	2000	800	66	29	8	123779|126075|129079|132075|138664|141030	1
237	10298041	天传君主手镯	1	1	2	4	75	-1	-1	-1	-1	-1	-1	-1	-1	-1	-1	-1	-1	-1	-1	-1	-1	-1	-1	-1	-1	-1	-1	-1	2000	800	83	29	8	123779|126075|129079|132075|138664|141030	1
238	10298048	天赐金牌手镯	1	1	2	4	75	-1	-1	-1	-1	-1	-1	-1	-1	-1	-1	-1	-1	-1	-1	-1	-1	-1	-1	-1	-1	-1	-1	-1	2000	800	83	29	8	123779|126075|129079|132075|138664|141030	1
239	10298049	天赐金牌手镯	1	1	2	4	75	-1	-1	-1	-1	-1	-1	-1	-1	-1	-1	-1	-1	-1	-1	-1	-1	-1	-1	-1	-1	-1	-1	-1	2000	800	83	29	8	123779|126075|129079|132075|138664|141030	1
240	10298050	天赐金牌手镯	1	1	2	4	75	-1	-1	-1	-1	-1	-1	-1	-1	-1	-1	-1	-1	-1	-1	-1	-1	-1	-1	-1	-1	-1	-1	-1	2000	800	83	29	8	123779|126075|129079|132075|138664|141030	1
241	10298051	天赐金牌手镯	1	1	2	4	75	-1	-1	-1	-1	-1	-1	-1	-1	-1	-1	-1	-1	-1	-1	-1	-1	-1	-1	-1	-1	-1	-1	-1	2000	800	83	29	8	123779|126075|129079|132075|138664|141030	1
242	10298052	天赐金牌手镯	1	1	2	4	75	-1	-1	-1	-1	-1	-1	-1	-1	-1	-1	-1	-1	-1	-1	-1	-1	-1	-1	-1	-1	-1	-1	-1	2000	800	83	29	8	123779|126075|129079|132075|138664|141030	1
243	10298053	天赐金牌手镯	1	1	2	4	75	-1	-1	-1	-1	-1	-1	-1	-1	-1	-1	-1	-1	-1	-1	-1	-1	-1	-1	-1	-1	-1	-1	-1	2000	800	83	29	8	123779|126075|129079|132075|138664|141030	1
244	10298100	冥传君主手镯	1	1	5	4	75	-1	-1	-1	-1	-1	-1	-1	-1	-1	-1	-1	-1	-1	-1	-1	-1	-1	-1	-1	-1	-1	-1	-1	2000	800	103	29	8	123779|126075|129079|132075|138664|141030	1
245	10298101	冥传君主手镯	1	1	5	4	75	-1	-1	-1	-1	-1	-1	-1	-1	-1	-1	-1	-1	-1	-1	-1	-1	-1	-1	-1	-1	-1	-1	-1	2000	800	103	29	8	123779|126075|129079|132075|138664|141030	1
246	10298102	冥传君主手镯	1	1	5	4	75	-1	-1	-1	-1	-1	-1	-1	-1	-1	-1	-1	-1	-1	-1	-1	-1	-1	-1	-1	-1	-1	-1	-1	2000	800	103	29	8	123779|126075|129079|132075|138664|141030	1
247	10298103	冥传君主手镯	1	1	5	4	75	-1	-1	-1	-1	-1	-1	-1	-1	-1	-1	-1	-1	-1	-1	-1	-1	-1	-1	-1	-1	-1	-1	-1	2000	800	103	29	8	123779|126075|129079|132075|138664|141030	1
248	10298104	冥传君主手镯	1	1	5	4	75	-1	-1	-1	-1	-1	-1	-1	-1	-1	-1	-1	-1	-1	-1	-1	-1	-1	-1	-1	-1	-1	-1	-1	2000	800	103	29	8	123779|126075|129079|132075|138664|141030	1
249	10298105	冥传君主手镯	1	1	5	4	75	-1	-1	-1	-1	-1	-1	-1	-1	-1	-1	-1	-1	-1	-1	-1	-1	-1	-1	-1	-1	-1	-1	-1	2000	800	103	29	8	123779|126075|129079|132075|138664|141030	1
250	10298106	冥传君主手镯	1	1	5	4	75	-1	-1	-1	-1	-1	-1	-1	-1	-1	-1	-1	-1	-1	-1	-1	-1	-1	-1	-1	-1	-1	-1	-1	2000	800	103	29	8	123779|126075|129079|132075|138664|141030	1
251	10298107	冥传君主手镯	1	1	5	4	75	-1	-1	-1	-1	-1	-1	-1	-1	-1	-1	-1	-1	-1	-1	-1	-1	-1	-1	-1	-1	-1	-1	-1	2000	800	103	29	8	123779|126075|129079|132075|138664|141030	1
252	10298108	冥传君主手镯	1	1	5	4	75	-1	-1	-1	-1	-1	-1	-1	-1	-1	-1	-1	-1	-1	-1	-1	-1	-1	-1	-1	-1	-1	-1	-1	2000	800	103	29	8	123779|126075|129079|132075|138664|141030	1
253	10298109	冥传君主手镯	1	1	5	4	75	-1	-1	-1	-1	-1	-1	-1	-1	-1	-1	-1	-1	-1	-1	-1	-1	-1	-1	-1	-1	-1	-1	-1	2000	800	103	29	8	123779|126075|129079|132075|138664|141030	1
254	10298110	冥传君主手镯	1	1	5	4	75	-1	-1	-1	-1	-1	-1	-1	-1	-1	-1	-1	-1	-1	-1	-1	-1	-1	-1	-1	-1	-1	-1	-1	2000	800	103	29	8	123779|126075|129079|132075|138664|141030	1
255	10298111	冥传君主手镯	1	1	5	4	75	-1	-1	-1	-1	-1	-1	-1	-1	-1	-1	-1	-1	-1	-1	-1	-1	-1	-1	-1	-1	-1	-1	-1	2000	800	103	29	8	123779|126075|129079|132075|138664|141030	1
256	10354101	天赐金牌之矛	1	1	4	4	75	-1	-1	-1	-1	-1	-1	-1	-1	-1	-1	-1	-1	-1	-1	-1	-1	-1	-1	-1	-1	-1	-1	-1	2000	800	80	35	8	123779|126075|129079|132075|138664|141030	1
257	10364101	天赐金牌之令	1	1	4	4	75	-1	-1	-1	-1	-1	-1	-1	-1	-1	-1	-1	-1	-1	-1	-1	-1	-1	-1	-1	-1	-1	-1	-1	2000	800	80	36	8	123779|126075|129079|132075|138664|141030	1
258	10374101	天赐金牌之弩	1	1	4	4	75	-1	-1	-1	-1	-1	-1	-1	-1	-1	-1	-1	-1	-1	-1	-1	-1	-1	-1	-1	-1	-1	-1	-1	2000	800	80	37	8	123779|126075|129079|132075|138664|141030	1
259	10384101	天赐金牌之铳	1	1	4	4	75	-1	-1	-1	-1	-1	-1	-1	-1	-1	-1	-1	-1	-1	-1	-1	-1	-1	-1	-1	-1	-1	-1	-1	2000	800	80	38	8	123779|126075|129079|132075|138664|141030	1
260	10394101	天赐金牌之圣十字	1	1	4	4	75	-1	-1	-1	-1	-1	-1	-1	-1	-1	-1	-1	-1	-1	-1	-1	-1	-1	-1	-1	-1	-1	-1	-1	2000	800	80	39	8	123779|126075|129079|132075|138664|141030	1
261	10404101	天赐金牌之帆	1	1	4	4	75	-1	-1	-1	-1	-1	-1	-1	-1	-1	-1	-1	-1	-1	-1	-1	-1	-1	-1	-1	-1	-1	-1	-1	2000	800	80	40	8	123779|126075|129079|132075|138664|141030	1
262	10414101	天赐金牌之盾	1	1	3	4	75	-1	-1	-1	-1	-1	-1	-1	-1	-1	-1	-1	-1	-1	-1	-1	-1	-1	-1	-1	-1	-1	-1	-1	2000	800	81	41	8	123779|126075|129079|132075|138664|141030	1
263	10424101	天赐金牌之手令	1	1	3	4	75	-1	-1	-1	-1	-1	-1	-1	-1	-1	-1	-1	-1	-1	-1	-1	-1	-1	-1	-1	-1	-1	-1	-1	2000	800	81	42	8	123779|126075|129079|132075|138664|141030	1
264	10434101	天赐金牌之弩箭	1	1	3	4	75	-1	-1	-1	-1	-1	-1	-1	-1	-1	-1	-1	-1	-1	-1	-1	-1	-1	-1	-1	-1	-1	-1	-1	2000	800	81	43	8	123779|126075|129079|132075|138664|141030	1
265	10444101	天赐金牌之炮弹	1	1	3	4	75	-1	-1	-1	-1	-1	-1	-1	-1	-1	-1	-1	-1	-1	-1	-1	-1	-1	-1	-1	-1	-1	-1	-1	2000	800	81	44	8	123779|126075|129079|132075|138664|141030	1
266	10454101	天赐金牌之圣经	1	1	3	4	75	-1	-1	-1	-1	-1	-1	-1	-1	-1	-1	-1	-1	-1	-1	-1	-1	-1	-1	-1	-1	-1	-1	-1	2000	800	81	45	8	123779|126075|129079|132075|138664|141030	1
267	10464101	天赐金牌之佛珠	1	1	3	4	75	-1	-1	-1	-1	-1	-1	-1	-1	-1	-1	-1	-1	-1	-1	-1	-1	-1	-1	-1	-1	-1	-1	-1	2000	800	81	46	8	123779|126075|129079|132075|138664|141030	1
