INT	STRING	INT	INT	INT	INT	INT
死亡场景ID	场景名字	回城场景ID	原地复活	复活方式2	x	y
0	大都	-1	1	2	250	110
1	登陆界面	1	1	1	92	171
2	泰山	-1	1	2	250	110
3	中兴府	-1	1	2	250	110
4	太行山	-1	1	2	250	110
5	凤翔府	-1	1	2	250	110
6	蔡州城	-1	1	2	250	110
7	秦岭	-1	1	2	250	110
8	金山	-1	1	2	250	110
9	碎叶城	-1	1	2	250	110
10	红沙漠	-1	1	2	250	110
11	撒马尔罕	-1	1	2	250	110
12	监狱	12	1	1	25	15
13	巴格达	-1	1	2	20	20
14	大都美丽会	14	1	1	270	318
15	威海港	-1	1	2	162	115
16	波斯高原	-1	1	2	250	110
17	莫斯科公国	-1	1	2	250	110
18	基辅公国	-1	1	2	250	110
19	波兰王国	-1	1	2	250	110
20	匈牙利	-1	1	2	250	110
21	神圣罗马帝国	-1	1	2	100	100
22	拜占庭帝国	-1	1	2	100	100
23	大马士革	-1	1	2	100	100
24	耶路撒冷	-1	1	2	100	100
25	西奈半岛	-1	1	2	100	100
26	对马岛	-1	1	2	100	100
27	福冈	-1	1	2	100	100
28	演武场	-1	1	2	100	100
29	九州岛	-1	1	2	100	100
30	大理	-1	1	2	100	100
31	缅甸	-1	1	2	100	100
32	印度河	-1	1	2	100	100
33	婆罗洲	-1	1	2	100	100
34	爪哇岛	-1	1	2	100	100
35	苏门答腊	-1	1	2	100	100
36	大都・南	-1	1	2	250	110
37	大都・东	-1	1	2	250	110
38	大都・西	-1	1	2	250	110
39	test	39	1	1	100	100
40	test	40	1	1	100	100
41	test	41	1	1	100	100
42	test	42	1	1	100	100
43	test	43	1	1	100	100
44	test	44	1	1	100	100
45	登录界面1	45	1	1	100	100
46	公共场景预留	46	1	1	100	100
47	公共场景预留	47	1	1	100	100
48	公共场景预留	48	1	1	100	100
49	公共场景预留	49	1	1	100	100
50	楼兰王城	-1	1	2	250	110
51	楼兰边塞	-1	1	2	250	110
52	蒙古罕难河草原	52	1	1	55	204
53	蒙古乞颜部	53	1	1	97	183
54	蒙古克烈部	54	1	1	180	115
55	蒙古塔塔尔部	55	1	1	210	190
56	蒙古乃蛮部	56	1	1	39	125
57	居庸关	57	1	1	68	61
58	楼兰外城	-1	1	2	250	110
59	国家场景预留	59	1	1	130	130
60	国家场景预留	60	1	1	100	60
61	蔡州城	61	1	1	115	82
62	国家场景预留	62	1	1	171	64
63	国家场景预留	63	1	1	45	122
64	国家场景预留	64	1	1	113	146
65	国家场景预留	65	1	1	196	209
66	国家场景预留	66	1	1	192.2	228.2
67	国家场景预留	67	1	1	193	204
68	国家场景预留	-1	1	2	250	110
69	国家场景预留	69	1	1	115	258
70	国家场景预留	70	1	1	115	258
71	国家场景预留	71	1	1	115	258
72	国家场景预留	72	1	1	115	258
73	测试王城	73	1	1	100	100
74	测试边境	74	1	1	100	100
75	突厥里海魔岛迷宫	-1	1	2	250	110
76	暗道	-1	1	2	250	110
77	国家场景预留	77	1	1	100	100
78	俄罗斯公国	78	1	1	149	226
79	圣山地宫	-1	1	2	250	110
80	对马岛迷宫	-1	1	2	250	110
81	公共场景预留	-1	1	2	250	110
82	国家场景预留	82	1	1	97	106
83	圣山地宫	-1	1	2	250	110
84	圣山地宫	-1	1	2	250	110
85	圣山地宫	-1	1	2	250	110
86	葱岭古道	-1	1	2	250	110
87	葱岭牧场	87	1	1	199	78
88	国家场景预留	-1	1	2	250	110
89	葱岭草场	-1	1	2	250	110
90	东瀛岛	90	1	1	100	100
91	轮回之地	-1	1	2	32	32
92	国家场景预留	92	1	1	100	100
93	副本场景预留	93	1	1	100	100
94	副本场景预留	94	1	1	100	100
95	副本场景预留	95	1	1	100	100
96	圣山地宫	-1	1	2	123	57
97	圣山地宫	-1	1	2	123	57
98	蒙古罕难河草原	-1	1	2	123	57
99	蒙古乞颜部	-1	1	2	123	57
100	蒙古塔塔尔部	-1	1	2	123	57
101	蒙古克烈部	-1	1	2	123	57
102	蒙古乃蛮部	-1	1	2	123	57
103	居庸关	-1	1	2	123	57
104	国家场景预留	-1	1	2	123	57
105	国家场景预留	-1	1	2	123	57
106	国家场景预留	-1	1	2	123	57
107	国家场景预留	-1	1	2	123	57
108	国家场景预留	-1	1	2	123	57
109	国家场景预留	-1	1	2	123	57
110	国家场景预留	-1	1	2	123	57
111	国家场景预留	-1	1	2	123	57
112	国家场景预留	-1	1	2	123	57
113	国家场景预留	-1	1	2	123	57
114	国家场景预留	-1	1	2	123	57
115	国家场景预留	-1	1	2	123	57
116	国家场景预留	-1	1	2	123	57
117	国家场景预留	-1	1	2	123	57
118	国家场景预留	-1	1	2	123	57
119	国家场景预留	-1	1	2	123	57
120	国家场景预留	-1	1	2	123	57
121	国家场景预留	-1	1	2	123	57
122	国家场景预留	-1	1	2	123	57
123	国家场景预留	-1	1	2	123	57
124	国家场景预留	-1	1	2	123	57
125	国家场景预留	-1	1	2	123	57
126	国家场景预留	-1	1	2	123	57
127	国家场景预留	-1	1	2	123	57
128	国家场景预留	-1	1	2	123	57
129	国家场景预留	-1	1	2	123	57
130	国家场景预留	-1	1	2	123	57
131	国家场景预留	-1	1	2	123	57
132	副本场景预留	132	1	1	100	100
133	副本场景预留	133	1	1	100	100
134	副本场景预留	134	1	1	100	100
135	副本场景预留	135	1	1	100	100
136	副本场景预留	136	1	1	100	100
137	副本场景预留	137	1	1	100	100
138	副本场景预留	138	1	1	100	100
139	副本场景预留	139	1	1	100	100
140	副本场景预留	140	1	1	100	100
141	副本场景预留	141	1	1	100	100
142	副本场景预留	142	1	1	100	100
143	副本场景预留	143	1	1	100	100
144	副本场景预留	144	1	1	100	100
145	副本场景预留	145	1	1	100	100
146	副本场景预留	146	1	1	100	100
147	副本场景预留	147	1	1	100	100
148	副本场景预留	148	1	1	100	100
149	基辅城战场	149	1	1	100	100
150	天山王城	-1	1	2	250	110
151	天山边塞	-1	1	2	250	110
152	蒙古罕难河草原	152	1	1	55	204
153	蒙古乞颜部	153	1	1	97	183
154	蒙古克烈部	154	1	1	180	115
155	蒙古塔塔尔部	155	1	1	210	190
156	蒙古乃蛮部	156	1	1	39	125
157	居庸关	157	1	1	68	61
158	天山外城	-1	1	2	250	110
159	国家场景预留	159	1	1	130	130
160	凤翔府	160	1	1	100	60
161	国家场景预留	161	1	1	115	82
162	国家场景预留	162	1	1	171	64
163	国家场景预留	163	1	1	45	122
164	国家场景预留	164	1	1	113	146
165	国家场景预留	165	1	1	196	209
166	国家场景预留	166	1	1	192.2	228.2
167	国家场景预留	167	1	1	193	204
168	国家场景预留	-1	1	2	250	110
169	国家场景预留	169	1	1	115	258
170	国家场景预留	170	1	1	115	258
171	国家场景预留	171	1	1	115	258
172	国家场景预留	172	1	1	115	258
173	测试王城	173	1	1	100	100
174	测试边境	174	1	1	100	100
175	突厥里海魔岛迷宫	-1	1	2	250	110
176	暗道	-1	1	2	250	110
177	国家场景预留	177	1	1	100	100
178	俄罗斯公国	178	1	1	149	226
179	圣山地宫	-1	1	2	250	110
180	对马岛迷宫	-1	1	2	250	110
181	国家场景预留	-1	1	2	250	110
182	国家场景预留	182	1	1	97	106
183	圣山地宫	-1	1	2	250	110
184	圣山地宫	-1	1	2	250	110
185	圣山地宫	-1	1	2	250	110
186	和田古道	-1	1	2	250	110
187	和田牧场	187	1	1	57	81
188	国家场景预留	-1	1	2	250	110
189	和田草场	-1	1	2	250	110
190	东瀛岛	190	1	1	100	100
191	轮回之地	-1	1	2	32	32
192	国家场景预留	192	1	1	100	100
193	副本场景预留	193	1	1	100	100
194	副本场景预留	194	1	1	100	100
195	副本场景预留	195	1	1	100	100
196	圣山地宫	-1	1	2	123	57
197	圣山地宫	-1	1	2	123	57
198	蒙古罕难河草原	-1	1	2	123	57
199	蒙古乞颜部	-1	1	2	123	57
200	蒙古塔塔尔部	-1	1	2	123	57
201	蒙古克烈部	-1	1	2	123	57
202	蒙古乃蛮部	-1	1	2	123	57
203	居庸关	-1	1	2	123	57
204	国家场景预留	-1	1	2	123	57
205	国家场景预留	-1	1	2	123	57
206	国家场景预留	-1	1	2	123	57
207	国家场景预留	-1	1	2	123	57
208	国家场景预留	-1	1	2	123	57
209	国家场景预留	-1	1	2	123	57
210	国家场景预留	-1	1	2	123	57
211	国家场景预留	-1	1	2	123	57
212	国家场景预留	-1	1	2	123	57
213	国家场景预留	-1	1	2	123	57
214	国家场景预留	-1	1	2	123	57
215	国家场景预留	-1	1	2	123	57
216	国家场景预留	-1	1	2	123	57
217	国家场景预留	-1	1	2	123	57
218	国家场景预留	-1	1	2	123	57
219	国家场景预留	-1	1	2	123	57
220	国家场景预留	-1	1	2	123	57
221	国家场景预留	-1	1	2	123	57
222	国家场景预留	-1	1	2	123	57
223	国家场景预留	-1	1	2	123	57
224	国家场景预留	-1	1	2	123	57
225	国家场景预留	-1	1	2	123	57
226	国家场景预留	-1	1	2	123	57
227	国家场景预留	-1	1	2	123	57
228	国家场景预留	-1	1	2	123	57
229	国家场景预留	-1	1	2	123	57
230	国家场景预留	-1	1	2	123	57
231	国家场景预留	-1	1	2	123	57
232	副本场景预留	232	1	1	100	100
233	副本场景预留	233	1	1	100	100
234	副本场景预留	234	1	1	100	100
235	副本场景预留	235	1	1	100	100
236	副本场景预留	236	1	1	100	100
237	副本场景预留	237	1	1	100	100
238	副本场景预留	238	1	1	100	100
239	副本场景预留	239	1	1	100	100
240	副本场景预留	240	1	1	100	100
241	副本场景预留	241	1	1	100	100
242	副本场景预留	242	1	1	100	100
243	副本场景预留	243	1	1	100	100
244	副本场景预留	244	1	1	100	100
245	副本场景预留	245	1	1	100	100
246	副本场景预留	246	1	1	100	100
247	副本场景预留	247	1	1	100	100
248	副本场景预留	248	1	1	100	100
249	副本场景预留	249	1	1	100	100
250	昆仑王城	-1	1	2	250	110
251	昆仑边塞	-1	1	2	250	110
252	蒙古罕难河草原	252	1	1	55	204
253	蒙古乞颜部	253	1	1	97	183
254	蒙古克烈部	254	1	1	180	115
255	蒙古塔塔尔部	255	1	1	210	190
256	蒙古乃蛮部	256	1	1	39	125
257	居庸关	257	1	1	68	61
258	昆仑外城	-1	1	2	250	110
259	国家场景预留	259	1	1	130	130
260	凤翔府	260	1	1	100	60
261	国家场景预留	261	1	1	115	82
262	国家场景预留	262	1	1	171	64
263	国家场景预留	263	1	1	45	122
264	国家场景预留	264	1	1	113	146
265	国家场景预留	265	1	1	196	209
266	国家场景预留	266	1	1	192.2	228.2
267	国家场景预留	267	1	1	193	204
268	国家场景预留	-1	1	2	250	110
269	国家场景预留	269	1	1	115	258
270	国家场景预留	270	1	1	115	258
271	国家场景预留	271	1	1	115	258
272	国家场景预留	272	1	1	115	258
273	测试王城	273	1	1	100	100
274	测试边境	274	1	1	100	100
275	突厥里海魔岛迷宫	-1	1	2	250	110
276	暗道	-1	1	2	250	110
277	国家场景预留	277	1	1	100	100
278	俄罗斯公国	278	1	1	149	226
279	圣山地宫	-1	1	2	250	110
280	对马岛迷宫	-1	1	2	250	110
281	国家场景预留	-1	1	2	250	110
282	国家场景预留	282	1	1	97	106
283	圣山地宫	-1	1	2	250	110
284	圣山地宫	-1	1	2	250	110
285	圣山地宫	-1	1	2	250	110
286	青海古道	-1	1	2	250	110
287	青海牧场	287	1	1	49	47
288	国家场景预留	-1	1	2	250	110
289	青海草场	-1	1	2	250	110
290	东瀛岛	290	1	1	100	100
291	轮回之地	-1	1	2	32	32
292	国家场景预留	292	1	1	100	100
293	副本场景预留	293	1	1	100	100
294	副本场景预留	294	1	1	100	100
295	副本场景预留	295	1	1	100	100
296	圣山地宫	-1	1	2	123	57
297	圣山地宫	-1	1	2	123	57
298	蒙古罕难河草原	-1	1	2	123	57
299	蒙古乞颜部	-1	1	2	123	57
300	蒙古塔塔尔部	-1	1	2	123	57
301	蒙古克烈部	-1	1	2	123	57
302	蒙古乃蛮部	-1	1	2	123	57
303	居庸关	-1	1	2	123	57
304	国家场景预留	-1	1	2	123	57
305	国家场景预留	-1	1	2	123	57
306	国家场景预留	-1	1	2	123	57
307	国家场景预留	-1	1	2	123	57
308	国家场景预留	-1	1	2	123	57
309	国家场景预留	-1	1	2	123	57
310	国家场景预留	-1	1	2	123	57
311	国家场景预留	-1	1	2	123	57
312	国家场景预留	-1	1	2	123	57
313	国家场景预留	-1	1	2	123	57
314	国家场景预留	-1	1	2	123	57
315	国家场景预留	-1	1	2	123	57
316	国家场景预留	-1	1	2	123	57
317	国家场景预留	-1	1	2	123	57
318	国家场景预留	-1	1	2	123	57
319	国家场景预留	-1	1	2	123	57
320	国家场景预留	-1	1	2	123	57
321	国家场景预留	-1	1	2	123	57
322	国家场景预留	-1	1	2	123	57
323	国家场景预留	-1	1	2	123	57
324	国家场景预留	-1	1	2	123	57
325	国家场景预留	-1	1	2	123	57
326	国家场景预留	-1	1	2	123	57
327	国家场景预留	-1	1	2	123	57
328	国家场景预留	-1	1	2	123	57
329	国家场景预留	-1	1	2	123	57
330	国家场景预留	-1	1	2	123	57
331	国家场景预留	-1	1	2	123	57
332	副本场景预留	332	1	1	100	100
333	副本场景预留	333	1	1	100	100
334	副本场景预留	334	1	1	100	100
335	副本场景预留	335	1	1	100	100
336	副本场景预留	336	1	1	100	100
337	副本场景预留	337	1	1	100	100
338	副本场景预留	338	1	1	100	100
339	副本场景预留	339	1	1	100	100
340	副本场景预留	340	1	1	100	100
341	副本场景预留	341	1	1	100	100
342	副本场景预留	342	1	1	100	100
343	副本场景预留	343	1	1	100	100
344	副本场景预留	344	1	1	100	100
345	副本场景预留	345	1	1	100	100
346	副本场景预留	346	1	1	100	100
347	副本场景预留	347	1	1	100	100
348	副本场景预留	348	1	1	100	100
349	副本场景预留	349	1	1	100	100
350	敦煌王城	-1	1	2	250	110
351	敦煌边境	-1	1	2	250	110
352	蒙古罕难河草原	352	1	1	55	204
353	蒙古乞颜部	353	1	1	97	183
354	蒙古克烈部	354	1	1	180	115
355	蒙古塔塔尔部	355	1	1	210	190
356	蒙古乃蛮部	356	1	1	39	125
357	居庸关	357	1	1	68	61
358	敦煌外城	-1	1	2	250	110
359	国家场景预留	359	1	1	130	130
360	凤翔府	360	1	1	100	60
361	国家场景预留	361	1	1	115	82
362	国家场景预留	362	1	1	171	64
363	国家场景预留	363	1	1	45	122
364	国家场景预留	364	1	1	113	146
365	国家场景预留	365	1	1	196	209
366	国家场景预留	366	1	1	192.2	228.2
367	国家场景预留	367	1	1	193	204
368	国家场景预留	-1	1	2	250	110
369	国家场景预留	369	1	1	115	258
370	国家场景预留	370	1	1	115	258
371	国家场景预留	371	1	1	115	258
372	国家场景预留	372	1	1	115	258
373	测试王城	373	1	1	100	100
374	测试边境	374	1	1	100	100
375	突厥里海魔岛迷宫	-1	1	2	250	110
376	暗道	-1	1	2	250	110
377	国家场景预留	377	1	1	100	100
378	俄罗斯公国	378	1	1	149	226
379	圣山地宫	-1	1	2	250	110
380	对马岛迷宫	-1	1	2	250	110
381	国家场景预留	-1	1	2	250	110
382	国家场景预留	382	1	1	97	106
383	圣山地宫	-1	1	2	250	110
384	圣山地宫	-1	1	2	250	110
385	圣山地宫	-1	1	2	250	110
386	甘州古道	-1	1	2	250	110
387	甘州牧场	387	1	1	210	199
388	国家场景预留	-1	1	2	250	110
389	甘州草场	-1	1	2	250	110
390	东瀛岛	390	1	1	100	100
391	轮回之地	-1	1	2	32	32
392	国家场景预留	392	1	1	100	100
393	副本场景预留	393	1	1	100	100
394	副本场景预留	394	1	1	100	100
395	副本场景预留	395	1	1	100	100
396	圣山地宫	-1	1	2	123	57
397	圣山地宫	-1	1	2	123	57
398	蒙古罕难河草原	-1	1	2	123	57
399	蒙古乞颜部	-1	1	2	123	57
400	蒙古塔塔尔部	-1	1	2	123	57
401	蒙古克烈部	-1	1	2	123	57
402	蒙古乃蛮部	-1	1	2	123	57
403	居庸关	-1	1	2	123	57
404	国家场景预留	-1	1	2	123	57
405	国家场景预留	-1	1	2	123	57
406	国家场景预留	-1	1	2	123	57
407	国家场景预留	-1	1	2	123	57
408	国家场景预留	-1	1	2	123	57
409	国家场景预留	-1	1	2	123	57
410	国家场景预留	-1	1	2	123	57
411	国家场景预留	-1	1	2	123	57
412	国家场景预留	-1	1	2	123	57
413	国家场景预留	-1	1	2	123	57
414	国家场景预留	-1	1	2	123	57
415	国家场景预留	-1	1	2	123	57
416	国家场景预留	-1	1	2	123	57
417	国家场景预留	-1	1	2	123	57
418	国家场景预留	-1	1	2	123	57
419	国家场景预留	-1	1	2	123	57
420	国家场景预留	-1	1	2	123	57
421	国家场景预留	-1	1	2	123	57
422	国家场景预留	-1	1	2	123	57
423	国家场景预留	-1	1	2	123	57
424	国家场景预留	-1	1	2	123	57
425	国家场景预留	-1	1	2	123	57
426	国家场景预留	-1	1	2	123	57
427	国家场景预留	-1	1	2	123	57
428	国家场景预留	-1	1	2	123	57
429	国家场景预留	-1	1	2	123	57
430	国家场景预留	-1	1	2	123	57
431	国家场景预留	-1	1	2	123	57
432	副本场景预留	432	1	1	100	100
433	副本场景预留	433	1	1	100	100
434	副本场景预留	434	1	1	100	100
435	副本场景预留	435	1	1	100	100
436	副本场景预留	436	1	1	100	100
437	副本场景预留	437	1	1	100	100
438	副本场景预留	438	1	1	100	100
439	副本场景预留	439	1	1	100	100
440	副本场景预留	440	1	1	100	100
441	副本场景预留	441	1	1	100	100
442	副本场景预留	442	1	1	100	100
443	副本场景预留	443	1	1	100	100
444	副本场景预留	444	1	1	100	100
445	副本场景预留	445	1	1	100	100
446	副本场景预留	446	1	1	100	100
447	副本场景预留	447	1	1	100	100
448	副本场景预留	448	1	1	100	100
449	副本场景预留	449	1	1	100	100
450	千佛窟	450	1	1	109	14
451	副本场景预留	451	1	1	100	100
452	囚龙岛	452	1	1	25	98
453	囚龙城堡	453	1	1	25	88
454	龙穴	454	1	1	24	25
455	东海眼	455	1	1	24	38
456	和氏璧	456	1	1	61	56
457	金銮殿	457	1	1	64	21
458	逐日之穴	458	1	1	19	32
459	揽月之穴	459	1	1	27	35
460	劈天之穴	460	1	1	22	81
461	勾栏曲台	461	1	1	38	43
462	金矿洞	462	1	1	111	18
463	永夜天牢	463	1	1	112	15
464	轮回台	464	1	1	64	60
465	战神墓	465	1	1	113	15
466	黄河坞	466	1	1	119	10
467	景教堂	467	1	1	18	103
468	虚空境	468	1	1	10	10
469	财神殿	469	1	1	23	104
470	金佛手	470	1	1	33	58
471	钧窑厂	471	1	1	121	119
472	侏罗纪	472	1	1	22	24
473	印度神庙	473	1	1	67	106
474	一打祝家庄	474	1	1	130	46
475	二打祝家庄	475	1	1	130	37
476	三打祝家庄	476	1	1	145	210
477	仙人谷四层	477	1	1	16	106
478	贺兰山谷	478	1	1	196	53
479	夏王陵	479	1	1	24	99
480	夏王墓穴	480	1	1	113	15
481	囚龙岛海滩	481	1	1	134	181
482	囚龙岭	482	1	1	18	106
483	囚龙堡	483	1	1	25	86
484	北印度丛林	484	1	1	112	49
485	象神谷	485	1	1	34	27
486	印度神庙	486	1	1	112	15
487	麻雀岭	487	1	1	192	65
488	熔岩沼泽	488	1	1	24	63
489	大教堂	489	1	1	18	103
490	禁宫大内	490	1	1	130	215
491	副本场景预留	491	1	1	10	10
492	副本场景预留	492	1	1	23	104
493	对马岛	493	1	1	185	121
494	水师大营	494	1	1	107	80
495	赤血号	495	1	1	116	31
496	倩女幽魂	496	1	1	109	14
497	画皮	497	1	1	69	27
498	副本场景预留	498	1	1	25	98
499	副本场景预留	499	1	1	25	88
500	泰山	500	1	1	24	25
501	中兴府	501	1	1	129	129
502	太行山	502	1	1	145	48
503	凤翔府	503	1	1	108	65
504	蔡州城	504	1	1	113	81
505	秦岭	505	1	1	27	35
506	金山	506	1	1	193	119
507	碎叶城	507	1	1	163	53
508	红沙漠	508	1	1	211	211
509	撒马尔罕	509	1	1	130	115
510	巴格达	510	1	1	180	210
511	波斯高原	511	1	1	119	56
512	莫斯科公国	512	1	1	142	215
513	基辅公国	513	1	1	82	207
514	波兰王国	514	1	1	10	10
515	匈牙利	515	1	1	23	104
516	神圣罗马帝国	516	1	1	33	58
517	拜占庭帝国	517	1	1	121	119
518	大马士革	518	1	1	22	24
519	副本场景预留	519	1	1	109	14
520	副本场景预留	520	1	1	100	100
521	副本场景预留	521	1	1	25	98
522	副本场景预留	522	1	1	25	88
523	副本场景预留	523	1	1	24	25
524	副本场景预留	524	1	1	24	38
525	副本场景预留	525	1	1	61	56
526	副本场景预留	526	1	1	64	21
527	副本场景预留	527	1	1	19	32
528	副本场景预留	528	1	1	27	35
529	副本场景预留	529	1	1	22	87
530	副本场景预留	530	1	1	56	33
531	副本场景预留	531	1	1	111	18
532	副本场景预留	532	1	1	112	15
533	副本场景预留	533	1	1	54	50
534	副本场景预留	534	1	1	113	15
535	副本场景预留	535	1	1	119	10
536	副本场景预留	536	1	1	15	96
537	副本场景预留	537	1	1	10	10
538	副本场景预留	538	1	1	23	104
539	副本场景预留	539	1	1	33	58
540	副本场景预留	540	1	1	121	119
541	副本场景预留	541	1	1	22	24
542	副本场景预留	542	1	1	109	14
543	副本场景预留	543	1	1	100	100
544	副本场景预留	544	1	1	25	98
545	副本场景预留	545	1	1	25	88
546	副本场景预留	546	1	1	24	25
547	副本场景预留	547	1	1	24	38
548	副本场景预留	548	1	1	61	56
549	副本场景预留	549	1	1	64	21
550	副本场景预留	550	1	1	19	32
551	副本场景预留	551	1	1	27	35
552	副本场景预留	552	1	1	22	87
553	副本场景预留	553	1	1	56	33
554	副本场景预留	554	1	1	111	18
555	副本场景预留	555	1	1	112	15
556	副本场景预留	556	1	1	54	50
557	副本场景预留	557	1	1	113	15
558	副本场景预留	558	1	1	119	10
559	副本场景预留	559	1	1	15	96
560	副本场景预留	560	1	1	10	10
561	副本场景预留	561	1	1	23	104
562	副本场景预留	562	1	1	33	58
563	副本场景预留	563	1	1	121	119
564	副本场景预留	564	1	1	22	24
565	副本场景预留	565	1	1	100	100
566	副本场景预留	566	1	1	100	100
567	副本场景预留	567	1	1	100	100
568	副本场景预留	568	1	1	100	100
569	副本场景预留	569	1	1	100	100
570	副本场景预留	570	1	1	100	100
571	副本场景预留	571	1	1	100	100
572	副本场景预留	572	1	1	100	100
573	副本场景预留	573	1	1	100	100
574	副本场景预留	574	1	1	100	100
575	副本场景预留	575	1	1	100	100
576	副本场景预留	576	1	1	100	100
577	副本场景预留	577	1	1	100	100
578	副本场景预留	578	1	1	100	100
579	副本场景预留	579	1	1	100	100
580	副本场景预留	580	1	1	100	100
581	副本场景预留	581	1	1	100	100
582	副本场景预留	582	1	1	100	100
583	副本场景预留	583	1	1	100	100
584	副本场景预留	584	1	1	100	100
585	副本场景预留	585	1	1	100	100
586	副本场景预留	586	1	1	100	100
587	副本场景预留	587	1	1	100	100
588	副本场景预留	588	1	1	100	100
589	副本场景预留	589	1	1	100	100
590	副本场景预留	590	1	1	100	100
591	副本场景预留	591	1	1	100	100
592	副本场景预留	592	1	1	100	100
593	副本场景预留	593	1	1	100	100
594	副本场景预留	594	1	1	100	100
595	副本场景预留	595	1	1	100	100
596	副本场景预留	596	1	1	100	100
597	副本场景预留	597	1	1	100	100
598	副本场景预留	598	1	1	100	100
599	副本场景预留	599	1	1	100	100
600	副本场景预留	600	1	1	100	100
601	副本场景预留	601	1	1	100	100
602	副本场景预留	602	1	1	100	100
603	副本场景预留	603	1	1	100	100
604	副本场景预留	604	1	1	100	100
605	副本场景预留	605	1	1	100	100
606	副本场景预留	606	1	1	100	100
607	副本场景预留	607	1	1	100	100
608	副本场景预留	608	1	1	100	100
609	副本场景预留	609	1	1	100	100
610	副本场景预留	610	1	1	100	100
611	副本场景预留	611	1	1	100	100
612	副本场景预留	612	1	1	100	100
613	副本场景预留	613	1	1	100	100
614	副本场景预留	614	1	1	100	100
615	副本场景预留	615	1	1	100	100
616	副本场景预留	616	1	1	100	100
617	副本场景预留	617	1	1	100	100
618	副本场景预留	618	1	1	100	100
619	副本场景预留	619	1	1	100	100
620	副本场景预留	620	1	1	100	100
621	副本场景预留	621	1	1	100	100
622	副本场景预留	622	1	1	100	100
623	副本场景预留	623	1	1	100	100
624	副本场景预留	624	1	1	100	100
625	副本场景预留	625	1	1	100	100
626	副本场景预留	626	1	1	100	100
627	副本场景预留	627	1	1	100	100
628	副本场景预留	628	1	1	100	100
629	副本场景预留	629	1	1	100	100
630	副本场景预留	630	1	1	100	100
631	副本场景预留	631	1	1	100	100
632	副本场景预留	632	1	1	100	100
633	副本场景预留	633	1	1	100	100
634	副本场景预留	634	1	1	100	100
635	副本场景预留	635	1	1	100	100
636	副本场景预留	636	1	1	100	100
637	副本场景预留	637	1	1	100	100
638	副本场景预留	638	1	1	100	100
639	副本场景预留	639	1	1	100	100
640	副本场景预留	640	1	1	100	100
641	副本场景预留	641	1	1	100	100
642	副本场景预留	642	1	1	100	100
643	副本场景预留	643	1	1	100	100
644	副本场景预留	644	1	1	100	100
645	副本场景预留	645	1	1	100	100
646	副本场景预留	646	1	1	100	100
647	副本场景预留	647	1	1	100	100
648	副本场景预留	648	1	1	100	100
649	副本场景预留	649	1	1	100	100
650	高加索战场	650	1	1	100	100
651	高加索战场	651	1	1	100	100
652	高加索战场	652	1	1	100	100
653	高加索战场	653	1	1	100	100
654	高加索战场	654	1	1	100	100
655	高加索战场	655	1	1	100	100
656	高加索战场	656	1	1	100	100
657	高加索战场	657	1	1	100	100
658	高加索战场	658	1	1	100	100
659	高加索战场	659	1	1	100	100
660	高加索战场	660	1	1	100	100
661	高加索战场	661	1	1	100	100
662	高加索战场	662	1	1	100	100
663	高加索战场	663	1	1	100	100
664	高加索战场	664	1	1	100	100
665	高加索战场	665	1	1	100	100
666	高加索战场	666	1	1	100	100
667	高加索战场	667	1	1	100	100
668	高加索战场	668	1	1	100	100
669	高加索战场	669	1	1	100	100
670	高加索战场	670	1	1	100	100
671	高加索战场	671	1	1	100	100
672	高加索战场	672	1	1	100	100
673	高加索战场	673	1	1	100	100
674	高加索战场	674	1	1	100	100
675	高加索战场	675	1	1	100	100
676	高加索战场	676	1	1	100	100
677	高加索战场	677	1	1	100	100
678	高加索战场	678	1	1	100	100
679	高加索战场	679	1	1	100	100
680	高加索战场	680	1	1	100	100
681	高加索战场	681	1	1	100	100
682	高加索战场	682	1	1	100	100
683	高加索战场	683	1	1	100	100
684	高加索战场	684	1	1	100	100
685	高加索战场	685	1	1	100	100
686	高加索战场	686	1	1	100	100
687	高加索战场	687	1	1	100	100
688	高加索战场	688	1	1	100	100
689	高加索战场	689	1	1	100	100
690	高加索战场	690	1	1	100	100
691	高加索战场	691	1	1	100	100
692	高加索战场	692	1	1	100	100
693	高加索战场	693	1	1	100	100
694	高加索战场	694	1	1	100	100
695	高加索战场	695	1	1	100	100
696	高加索战场	696	1	1	100	100
697	高加索战场	697	1	1	100	100
698	高加索战场	698	1	1	100	100
699	高加索战场	699	1	1	100	100
700	高加索战场	700	1	1	100	100
701	高加索战场	701	1	1	100	100
702	高加索战场	702	1	1	100	100
703	高加索战场	703	1	1	100	100
704	高加索战场	704	1	1	100	100
705	高加索战场	705	1	1	100	100
706	高加索战场	706	1	1	100	100
707	高加索战场	707	1	1	100	100
708	高加索战场	708	1	1	100	100
709	高加索战场	709	1	1	100	100
710	高加索战场	710	1	1	100	100
711	高加索战场	711	1	1	100	100
712	高加索战场	712	1	1	100	100
713	高加索战场	713	1	1	100	100
714	高加索战场	714	1	1	100	100
715	高加索战场	715	1	1	100	100
716	高加索战场	716	1	1	100	100
717	高加索战场	717	1	1	100	100
718	高加索战场	718	1	1	100	100
719	高加索战场	719	1	1	100	100
720	高加索战场	720	1	1	100	100
721	高加索战场	721	1	1	100	100
722	高加索战场	722	1	1	100	100
723	高加索战场	723	1	1	100	100
724	高加索战场	724	1	1	100	100
725	高加索战场	725	1	1	100	100
726	高加索战场	726	1	1	100	100
727	高加索战场	727	1	1	100	100
728	高加索战场	728	1	1	100	100
729	高加索战场	729	1	1	100	100
730	高加索战场	730	1	1	100	100
731	高加索战场	731	1	1	100	100
732	高加索战场	732	1	1	100	100
733	高加索战场	733	1	1	100	100
734	高加索战场	734	1	1	100	100
735	高加索战场	735	1	1	100	100
736	高加索战场	736	1	1	100	100
737	高加索战场	737	1	1	100	100
738	高加索战场	738	1	1	100	100
739	高加索战场	739	1	1	100	100
740	高加索战场	740	1	1	100	100
741	高加索战场	741	1	1	100	100
742	高加索战场	742	1	1	100	100
743	高加索战场	743	1	1	100	100
744	高加索战场	744	1	1	100	100
745	高加索战场	745	1	1	100	100
746	高加索战场	746	1	1	100	100
747	高加索战场	747	1	1	100	100
748	高加索战场	748	1	1	100	100
749	高加索战场	749	1	1	100	100
750	十三翼战场	750	1	1	100	100
751	十三翼战场	751	1	1	100	100
752	十三翼战场	752	1	1	100	100
753	十三翼战场	753	1	1	100	100
754	十三翼战场	754	1	1	100	100
755	十三翼战场	755	1	1	100	100
756	十三翼战场	756	1	1	100	100
757	十三翼战场	757	1	1	100	100
758	十三翼战场	758	1	1	100	100
759	十三翼战场	759	1	1	100	100
760	十三翼战场	760	1	1	100	100
761	十三翼战场	761	1	1	100	100
762	十三翼战场	762	1	1	100	100
763	十三翼战场	763	1	1	100	100
764	十三翼战场	764	1	1	100	100
765	十三翼战场	765	1	1	100	100
766	十三翼战场	766	1	1	100	100
767	十三翼战场	767	1	1	100	100
768	十三翼战场	768	1	1	100	100
769	十三翼战场	769	1	1	100	100
770	十三翼战场	770	1	1	100	100
771	十三翼战场	771	1	1	100	100
772	十三翼战场	772	1	1	100	100
773	十三翼战场	773	1	1	100	100
774	十三翼战场	774	1	1	100	100
775	十三翼战场	775	1	1	100	100
776	十三翼战场	776	1	1	100	100
777	十三翼战场	777	1	1	100	100
778	十三翼战场	778	1	1	100	100
779	十三翼战场	779	1	1	100	100
780	副本场景预留	780	1	1	100	100
781	副本场景预留	781	1	1	100	100
782	副本场景预留	782	1	1	100	100
783	副本场景预留	783	1	1	100	100
784	副本场景预留	784	1	1	100	100
785	副本场景预留	785	1	1	100	100
786	副本场景预留	786	1	1	100	100
787	副本场景预留	787	1	1	100	100
788	副本场景预留	788	1	1	100	100
789	副本场景预留	789	1	1	100	100
790	副本场景预留	790	1	1	100	100
791	副本场景预留	791	1	1	100	100
792	副本场景预留	792	1	1	100	100
793	副本场景预留	793	1	1	100	100
794	副本场景预留	794	1	1	100	100
795	副本场景预留	795	1	1	100	100
796	副本场景预留	796	1	1	100	100
797	副本场景预留	797	1	1	100	100
798	副本场景预留	798	1	1	100	100
799	副本场景预留	799	1	1	100	100
800	副本场景预留	800	1	1	100	100
801	副本场景预留	801	1	1	100	100
802	副本场景预留	802	1	1	100	100
803	副本场景预留	803	1	1	100	100
804	副本场景预留	804	1	1	100	100
805	副本场景预留	805	1	1	100	100
806	副本场景预留	806	1	1	100	100
807	副本场景预留	807	1	1	100	100
808	副本场景预留	808	1	1	100	100
809	副本场景预留	809	1	1	100	100
810	副本场景预留	810	1	1	100	100
811	副本场景预留	811	1	1	100	100
812	副本场景预留	812	1	1	100	100
813	副本场景预留	813	1	1	100	100
814	副本场景预留	814	1	1	100	100
815	副本场景预留	815	1	1	100	100
816	副本场景预留	816	1	1	100	100
817	副本场景预留	817	1	1	100	100
818	副本场景预留	818	1	1	100	100
819	副本场景预留	819	1	1	100	100
820	副本场景预留	820	1	1	100	100
821	副本场景预留	821	1	1	100	100
822	副本场景预留	822	1	1	100	100
823	副本场景预留	823	1	1	100	100
824	副本场景预留	824	1	1	100	100
825	副本场景预留	825	1	1	100	100
826	副本场景预留	826	1	1	100	100
827	副本场景预留	827	1	1	100	100
828	副本场景预留	828	1	1	100	100
829	副本场景预留	829	1	1	100	100
830	副本场景预留	830	1	1	100	100
831	副本场景预留	831	1	1	100	100
832	副本场景预留	832	1	1	100	100
833	副本场景预留	833	1	1	100	100
834	副本场景预留	834	1	1	100	100
835	副本场景预留	835	1	1	100	100
836	副本场景预留	836	1	1	100	100
837	副本场景预留	837	1	1	100	100
838	副本场景预留	838	1	1	100	100
839	副本场景预留	839	1	1	100	100
840	副本场景预留	840	1	1	100	100
841	副本场景预留	841	1	1	100	100
842	副本场景预留	842	1	1	100	100
843	副本场景预留	843	1	1	100	100
844	副本场景预留	844	1	1	100	100
845	副本场景预留	845	1	1	100	100
846	副本场景预留	846	1	1	100	100
847	副本场景预留	847	1	1	100	100
848	副本场景预留	848	1	1	100	100
849	副本场景预留	849	1	1	100	100
850	副本场景预留	850	1	1	100	100
851	副本场景预留	851	1	1	100	100
852	副本场景预留	852	1	1	100	100
853	副本场景预留	853	1	1	100	100
854	副本场景预留	854	1	1	100	100
855	副本场景预留	855	1	1	100	100
856	副本场景预留	856	1	1	100	100
857	副本场景预留	857	1	1	100	100
858	副本场景预留	858	1	1	100	100
859	副本场景预留	859	1	1	100	100
860	副本场景预留	860	1	1	100	100
861	副本场景预留	861	1	1	100	100
862	副本场景预留	862	1	1	100	100
863	副本场景预留	863	1	1	100	100
864	副本场景预留	864	1	1	100	100
865	副本场景预留	865	1	1	100	100
866	副本场景预留	866	1	1	100	100
867	副本场景预留	867	1	1	100	100
868	副本场景预留	868	1	1	100	100
869	副本场景预留	869	1	1	100	100
870	副本场景预留	870	1	1	100	100
871	副本场景预留	871	1	1	100	100
872	副本场景预留	872	1	1	100	100
873	副本场景预留	873	1	1	100	100
874	副本场景预留	874	1	1	100	100
875	副本场景预留	875	1	1	100	100
876	副本场景预留	876	1	1	100	100
877	副本场景预留	877	1	1	100	100
878	副本场景预留	878	1	1	100	100
879	副本场景预留	879	1	1	100	100
880	副本场景预留	880	1	1	100	100
881	副本场景预留	881	1	1	100	100
882	副本场景预留	882	1	1	100	100
883	副本场景预留	883	1	1	100	100
884	副本场景预留	884	1	1	100	100
885	副本场景预留	885	1	1	100	100
886	副本场景预留	886	1	1	100	100
887	副本场景预留	887	1	1	100	100
888	副本场景预留	888	1	1	100	100
889	副本场景预留	889	1	1	100	100
890	副本场景预留	890	1	1	100	100
891	副本场景预留	891	1	1	100	100
892	副本场景预留	892	1	1	100	100
893	副本场景预留	893	1	1	100	100
894	副本场景预留	894	1	1	100	100
895	副本场景预留	895	1	1	100	100
896	副本场景预留	896	1	1	100	100
897	副本场景预留	897	1	1	100	100
898	副本场景预留	898	1	1	100	100
899	副本场景预留	899	1	1	100	100
900	副本场景预留	900	1	1	100	100
901	副本场景预留	901	1	1	100	100
902	副本场景预留	902	1	1	100	100
903	副本场景预留	903	1	1	100	100
904	副本场景预留	904	1	1	100	100
905	副本场景预留	905	1	1	100	100
906	副本场景预留	906	1	1	100	100
907	副本场景预留	907	1	1	100	100
908	副本场景预留	908	1	1	100	100
909	副本场景预留	909	1	1	100	100
910	副本场景预留	910	1	1	100	100
911	副本场景预留	911	1	1	100	100
912	副本场景预留	912	1	1	100	100
913	副本场景预留	913	1	1	100	100
914	副本场景预留	914	1	1	100	100
915	副本场景预留	915	1	1	100	100
916	副本场景预留	916	1	1	100	100
917	副本场景预留	917	1	1	100	100
918	副本场景预留	918	1	1	100	100
919	副本场景预留	919	1	1	100	100
920	副本场景预留	920	1	1	100	100
921	副本场景预留	921	1	1	100	100
922	副本场景预留	922	1	1	100	100
923	副本场景预留	923	1	1	100	100
924	副本场景预留	924	1	1	100	100
925	副本场景预留	925	1	1	100	100
926	副本场景预留	926	1	1	100	100
927	副本场景预留	927	1	1	100	100
928	副本场景预留	928	1	1	100	100
929	副本场景预留	929	1	1	100	100
930	副本场景预留	930	1	1	100	100
931	副本场景预留	931	1	1	100	100
932	副本场景预留	932	1	1	100	100
933	副本场景预留	933	1	1	100	100
934	副本场景预留	934	1	1	100	100
935	副本场景预留	935	1	1	100	100
936	副本场景预留	936	1	1	100	100
937	副本场景预留	937	1	1	100	100
938	副本场景预留	938	1	1	100	100
939	副本场景预留	939	1	1	100	100
940	副本场景预留	940	1	1	100	100
941	副本场景预留	941	1	1	100	100
942	副本场景预留	942	1	1	100	100
943	副本场景预留	943	1	1	100	100
944	副本场景预留	944	1	1	100	100
945	副本场景预留	945	1	1	100	100
946	副本场景预留	946	1	1	100	100
947	副本场景预留	947	1	1	100	100
948	副本场景预留	948	1	1	100	100
949	副本场景预留	949	1	1	100	100
950	副本场景预留	950	1	1	100	100
951	副本场景预留	951	1	1	100	100
952	副本场景预留	952	1	1	100	100
953	副本场景预留	953	1	1	100	100
954	副本场景预留	954	1	1	100	100
955	副本场景预留	955	1	1	100	100
956	副本场景预留	956	1	1	100	100
957	副本场景预留	957	1	1	100	100
958	副本场景预留	958	1	1	100	100
959	副本场景预留	959	1	1	100	100
960	副本场景预留	960	1	1	100	100
961	副本场景预留	961	1	1	100	100
962	副本场景预留	962	1	1	100	100
963	副本场景预留	963	1	1	100	100
964	副本场景预留	964	1	1	100	100
965	副本场景预留	965	1	1	100	100
966	副本场景预留	966	1	1	100	100
967	副本场景预留	967	1	1	100	100
968	副本场景预留	968	1	1	100	100
969	副本场景预留	969	1	1	100	100
970	副本场景预留	970	1	1	100	100
971	副本场景预留	971	1	1	100	100
972	副本场景预留	972	1	1	100	100
973	副本场景预留	973	1	1	100	100
974	副本场景预留	974	1	1	100	100
975	副本场景预留	975	1	1	100	100
976	副本场景预留	976	1	1	100	100
977	副本场景预留	977	1	1	100	100
978	副本场景预留	978	1	1	100	100
979	副本场景预留	979	1	1	100	100
980	副本场景预留	980	1	1	100	100
981	副本场景预留	981	1	1	100	100
982	副本场景预留	982	1	1	100	100
983	副本场景预留	983	1	1	100	100
984	副本场景预留	984	1	1	100	100
985	副本场景预留	985	1	1	100	100
986	副本场景预留	986	1	1	100	100
987	副本场景预留	987	1	1	100	100
988	副本场景预留	988	1	1	100	100
989	副本场景预留	989	1	1	100	100
990	副本场景预留	990	1	1	100	100
991	副本场景预留	991	1	1	100	100
992	副本场景预留	992	1	1	100	100
993	副本场景预留	993	1	1	100	100
994	副本场景预留	994	1	1	100	100
995	副本场景预留	995	1	1	100	100
996	副本场景预留	996	1	1	100	100
997	副本场景预留	997	1	1	100	100
998	副本场景预留	998	1	1	100	100
999	副本场景预留	999	1	1	100	100
1000	副本场景预留	1000	1	1	100	100
1001	副本场景预留	1001	1	1	100	100
1002	副本场景预留	1002	1	1	100	100
1003	副本场景预留	1003	1	1	100	100
1004	副本场景预留	1004	1	1	100	100
1005	副本场景预留	1005	1	1	100	100
1006	副本场景预留	1006	1	1	100	100
1007	副本场景预留	1007	1	1	100	100
1008	副本场景预留	1008	1	1	100	100
1009	副本场景预留	1009	1	1	100	100
1010	副本场景预留	1010	1	1	100	100
1011	副本场景预留	1011	1	1	100	100
1012	副本场景预留	1012	1	1	100	100
1013	副本场景预留	1013	1	1	100	100
1014	副本场景预留	1014	1	1	100	100
1015	副本场景预留	1015	1	1	100	100
1016	副本场景预留	1016	1	1	100	100
1017	副本场景预留	1017	1	1	100	100
1018	副本场景预留	1018	1	1	100	100
1019	副本场景预留	1019	1	1	100	100
1020	副本场景预留	1020	1	1	100	100
1021	副本场景预留	1021	1	1	100	100
1022	副本场景预留	1022	1	1	100	100
1023	副本场景预留	1023	1	1	100	100
1024	副本场景预留	1024	1	1	100	100
1025	副本场景预留	1025	1	1	100	100
1026	副本场景预留	1026	1	1	100	100
1027	副本场景预留	1027	1	1	100	100
1028	副本场景预留	1028	1	1	100	100
1029	副本场景预留	1029	1	1	100	100
1030	副本场景预留	1030	1	1	100	100
1031	副本场景预留	1031	1	1	100	100
1032	副本场景预留	1032	1	1	100	100
1033	副本场景预留	1033	1	1	100	100
1034	副本场景预留	1034	1	1	100	100
1035	副本场景预留	1035	1	1	100	100
1036	副本场景预留	1036	1	1	100	100
1037	副本场景预留	1037	1	1	100	100
1038	副本场景预留	1038	1	1	100	100
1039	副本场景预留	1039	1	1	100	100
1040	副本场景预留	1040	1	1	100	100
1041	副本场景预留	1041	1	1	100	100
1042	副本场景预留	1042	1	1	100	100
1043	副本场景预留	1043	1	1	100	100
1044	副本场景预留	1044	1	1	100	100
1045	副本场景预留	1045	1	1	100	100
1046	副本场景预留	1046	1	1	100	100
1047	副本场景预留	1047	1	1	100	100
1048	副本场景预留	1048	1	1	100	100
1049	副本场景预留	1049	1	1	100	100
1050	副本场景预留	1050	1	1	100	100
1051	副本场景预留	1051	1	1	100	100
1052	副本场景预留	1052	1	1	100	100
1053	副本场景预留	1053	1	1	100	100
1054	副本场景预留	1054	1	1	100	100
1055	副本场景预留	1055	1	1	100	100
1056	副本场景预留	1056	1	1	100	100
1057	副本场景预留	1057	1	1	100	100
1058	副本场景预留	1058	1	1	100	100
1059	副本场景预留	1059	1	1	100	100
1060	副本场景预留	1060	1	1	100	100
1061	副本场景预留	1061	1	1	100	100
1062	副本场景预留	1062	1	1	100	100
1063	副本场景预留	1063	1	1	100	100
1064	副本场景预留	1064	1	1	100	100
1065	副本场景预留	1065	1	1	100	100
1066	副本场景预留	1066	1	1	100	100
1067	副本场景预留	1067	1	1	100	100
1068	副本场景预留	1068	1	1	100	100
1069	副本场景预留	1069	1	1	100	100
1070	副本场景预留	1070	1	1	100	100
1071	副本场景预留	1071	1	1	100	100
1072	副本场景预留	1072	1	1	100	100
1073	副本场景预留	1073	1	1	100	100
1074	副本场景预留	1074	1	1	100	100
1075	副本场景预留	1075	1	1	100	100
1076	副本场景预留	1076	1	1	100	100
1077	副本场景预留	1077	1	1	100	100
1078	副本场景预留	1078	1	1	100	100
1079	副本场景预留	1079	1	1	100	100
1080	副本场景预留	1080	1	1	100	100
1081	副本场景预留	1081	1	1	100	100
1082	副本场景预留	1082	1	1	100	100
1083	副本场景预留	1083	1	1	100	100
1084	副本场景预留	1084	1	1	100	100
1085	副本场景预留	1085	1	1	100	100
1086	副本场景预留	1086	1	1	100	100
1087	副本场景预留	1087	1	1	100	100
1088	副本场景预留	1088	1	1	100	100
1089	副本场景预留	1089	1	1	100	100
1090	副本场景预留	1090	1	1	100	100
1091	副本场景预留	1091	1	1	100	100
1092	副本场景预留	1092	1	1	100	100
1093	副本场景预留	1093	1	1	100	100
1094	副本场景预留	1094	1	1	100	100
1095	副本场景预留	1095	1	1	100	100
1096	副本场景预留	1096	1	1	100	100
1097	副本场景预留	1097	1	1	100	100
1098	副本场景预留	1098	1	1	100	100
1099	副本场景预留	1099	1	1	100	100
1100	副本场景预留	1100	1	1	100	100
1101	副本场景预留	1101	1	1	100	100
1102	副本场景预留	1102	1	1	100	100
1103	副本场景预留	1103	1	1	100	100
1104	副本场景预留	1104	1	1	100	100
1105	副本场景预留	1105	1	1	100	100
1106	副本场景预留	1106	1	1	100	100
1107	副本场景预留	1107	1	1	100	100
1108	副本场景预留	1108	1	1	100	100
1109	副本场景预留	1109	1	1	100	100
1110	副本场景预留	1110	1	1	100	100
1111	副本场景预留	1111	1	1	100	100
1112	副本场景预留	1112	1	1	100	100
1113	副本场景预留	1113	1	1	100	100
1114	副本场景预留	1114	1	1	100	100
1115	副本场景预留	1115	1	1	100	100
1116	副本场景预留	1116	1	1	100	100
1117	副本场景预留	1117	1	1	100	100
1118	副本场景预留	1118	1	1	100	100
1119	副本场景预留	1119	1	1	100	100
1120	副本场景预留	1120	1	1	100	100
1121	副本场景预留	1121	1	1	100	100
1122	副本场景预留	1122	1	1	100	100
1123	副本场景预留	1123	1	1	100	100
1124	副本场景预留	1124	1	1	100	100
1125	副本场景预留	1125	1	1	100	100
1126	副本场景预留	1126	1	1	100	100
1127	副本场景预留	1127	1	1	100	100
1128	副本场景预留	1128	1	1	100	100
1129	副本场景预留	1129	1	1	100	100
1130	副本场景预留	1130	1	1	100	100
1131	副本场景预留	1131	1	1	100	100
1132	副本场景预留	1132	1	1	100	100
1133	副本场景预留	1133	1	1	100	100
1134	副本场景预留	1134	1	1	100	100
1135	副本场景预留	1135	1	1	100	100
1136	副本场景预留	1136	1	1	100	100
1137	副本场景预留	1137	1	1	100	100
1138	副本场景预留	1138	1	1	100	100
1139	副本场景预留	1139	1	1	100	100
1140	副本场景预留	1140	1	1	100	100
1141	副本场景预留	1141	1	1	100	100
1142	副本场景预留	1142	1	1	100	100
1143	副本场景预留	1143	1	1	100	100
1144	副本场景预留	1144	1	1	100	100
1145	副本场景预留	1145	1	1	100	100
1146	副本场景预留	1146	1	1	100	100
1147	副本场景预留	1147	1	1	100	100
1148	副本场景预留	1148	1	1	100	100
1149	副本场景预留	1149	1	1	100	100
1150	副本场景预留	1150	1	1	100	100
1151	副本场景预留	1151	1	1	100	100
1152	副本场景预留	1152	1	1	100	100
1153	副本场景预留	1153	1	1	100	100
1154	副本场景预留	1154	1	1	100	100
1155	副本场景预留	1155	1	1	100	100
1156	副本场景预留	1156	1	1	100	100
1157	副本场景预留	1157	1	1	100	100
1158	副本场景预留	1158	1	1	100	100
1159	副本场景预留	1159	1	1	100	100
1160	副本场景预留	1160	1	1	100	100
1161	副本场景预留	1161	1	1	100	100
1162	副本场景预留	1162	1	1	100	100
1163	副本场景预留	1163	1	1	100	100
1164	副本场景预留	1164	1	1	100	100
1165	副本场景预留	1165	1	1	100	100
1166	副本场景预留	1166	1	1	100	100
1167	副本场景预留	1167	1	1	100	100
1168	副本场景预留	1168	1	1	100	100
1169	副本场景预留	1169	1	1	100	100
1170	副本场景预留	1170	1	1	100	100
1171	副本场景预留	1171	1	1	100	100
1172	副本场景预留	1172	1	1	100	100
1173	副本场景预留	1173	1	1	100	100
1174	副本场景预留	1174	1	1	100	100
1175	副本场景预留	1175	1	1	100	100
1176	副本场景预留	1176	1	1	100	100
1177	副本场景预留	1177	1	1	100	100
1178	副本场景预留	1178	1	1	100	100
1179	副本场景预留	1179	1	1	100	100
1180	副本场景预留	1180	1	1	100	100
1181	副本场景预留	1181	1	1	100	100
1182	副本场景预留	1182	1	1	100	100
1183	副本场景预留	1183	1	1	100	100
1184	副本场景预留	1184	1	1	100	100
1185	副本场景预留	1185	1	1	100	100
1186	副本场景预留	1186	1	1	100	100
1187	副本场景预留	1187	1	1	100	100
1188	副本场景预留	1188	1	1	100	100
1189	副本场景预留	1189	1	1	100	100
1190	副本场景预留	1190	1	1	100	100
1191	副本场景预留	1191	1	1	100	100
1192	副本场景预留	1192	1	1	100	100
1193	副本场景预留	1193	1	1	100	100
1194	副本场景预留	1194	1	1	100	100
1195	副本场景预留	1195	1	1	100	100
1196	副本场景预留	1196	1	1	100	100
1197	副本场景预留	1197	1	1	100	100
1198	副本场景预留	1198	1	1	100	100
1199	副本场景预留	1199	1	1	100	100
1200	副本场景预留	1200	1	1	100	100
1201	副本场景预留	1201	1	1	100	100
1202	副本场景预留	1202	1	1	100	100
1203	副本场景预留	1203	1	1	100	100
1204	副本场景预留	1204	1	1	100	100
1205	副本场景预留	1205	1	1	100	100
1206	副本场景预留	1206	1	1	100	100
1207	副本场景预留	1207	1	1	100	100
1208	副本场景预留	1208	1	1	100	100
1209	副本场景预留	1209	1	1	100	100
1210	副本场景预留	1210	1	1	100	100
1211	副本场景预留	1211	1	1	100	100
1212	副本场景预留	1212	1	1	100	100
1213	副本场景预留	1213	1	1	100	100
1214	副本场景预留	1214	1	1	100	100
1215	副本场景预留	1215	1	1	100	100
1216	副本场景预留	1216	1	1	100	100
1217	副本场景预留	1217	1	1	100	100
1218	副本场景预留	1218	1	1	100	100
1219	副本场景预留	1219	1	1	100	100
1220	副本场景预留	1220	1	1	100	100
1221	副本场景预留	1221	1	1	100	100
1222	副本场景预留	1222	1	1	100	100
1223	副本场景预留	1223	1	1	100	100
1224	副本场景预留	1224	1	1	100	100
1225	副本场景预留	1225	1	1	100	100
1226	副本场景预留	1226	1	1	100	100
1227	副本场景预留	1227	1	1	100	100
1228	副本场景预留	1228	1	1	100	100
1229	副本场景预留	1229	1	1	100	100
1230	副本场景预留	1230	1	1	100	100
1231	副本场景预留	1231	1	1	100	100
1232	副本场景预留	1232	1	1	100	100
1233	副本场景预留	1233	1	1	100	100
1234	副本场景预留	1234	1	1	100	100
1235	副本场景预留	1235	1	1	100	100
1236	副本场景预留	1236	1	1	100	100
1237	副本场景预留	1237	1	1	100	100
1238	副本场景预留	1238	1	1	100	100
1239	副本场景预留	1239	1	1	100	100
1240	副本场景预留	1240	1	1	100	100
1241	副本场景预留	1241	1	1	100	100
1242	副本场景预留	1242	1	1	100	100
1243	副本场景预留	1243	1	1	100	100
1244	副本场景预留	1244	1	1	100	100
1245	副本场景预留	1245	1	1	100	100
1246	副本场景预留	1246	1	1	100	100
1247	副本场景预留	1247	1	1	100	100
1248	副本场景预留	1248	1	1	100	100
1249	副本场景预留	1249	1	1	100	100
1250	副本场景预留	1250	1	1	100	100
1251	副本场景预留	1251	1	1	100	100
1252	副本场景预留	1252	1	1	100	100
1253	副本场景预留	1253	1	1	100	100
1254	副本场景预留	1254	1	1	100	100
1255	副本场景预留	1255	1	1	100	100
1256	副本场景预留	1256	1	1	100	100
1257	副本场景预留	1257	1	1	100	100
1258	副本场景预留	1258	1	1	100	100
1259	副本场景预留	1259	1	1	100	100
1260	副本场景预留	1260	1	1	100	100
1261	副本场景预留	1261	1	1	100	100
1262	副本场景预留	1262	1	1	100	100
1263	副本场景预留	1263	1	1	100	100
1264	副本场景预留	1264	1	1	100	100
1265	副本场景预留	1265	1	1	100	100
1266	副本场景预留	1266	1	1	100	100
1267	副本场景预留	1267	1	1	100	100
1268	副本场景预留	1268	1	1	100	100
1269	副本场景预留	1269	1	1	100	100
1270	十三翼战场	1270	1	1	100	100
1271	十三翼战场	1271	1	1	100	100
1272	十三翼战场	1272	1	1	100	100
1273	十三翼战场	1273	1	1	100	100
1274	十三翼战场	1274	1	1	100	100
1275	十三翼战场	1275	1	1	100	100
1276	十三翼战场	1276	1	1	100	100
1277	十三翼战场	1277	1	1	100	100
1278	十三翼战场	1278	1	1	100	100
1279	十三翼战场	1279	1	1	100	100
1280	十三翼战场	1280	1	1	100	100
1281	十三翼战场	1281	1	1	100	100
1282	十三翼战场	1282	1	1	100	100
1283	十三翼战场	1283	1	1	100	100
1284	十三翼战场	1284	1	1	100	100
1285	十三翼战场	1285	1	1	100	100
1286	十三翼战场	1286	1	1	100	100
1287	十三翼战场	1287	1	1	100	100
1288	十三翼战场	1288	1	1	100	100
1289	十三翼战场	1289	1	1	100	100
1290	十三翼战场	1290	1	1	100	100
1291	十三翼战场	1291	1	1	100	100
1292	十三翼战场	1292	1	1	100	100
1293	十三翼战场	1293	1	1	100	100
1294	十三翼战场	1294	1	1	100	100
1295	十三翼战场	1295	1	1	100	100
1296	十三翼战场	1296	1	1	100	100
1297	十三翼战场	1297	1	1	100	100
1298	十三翼战场	1298	1	1	100	100
1299	十三翼战场	1299	1	1	100	100
1300	副本场景预留	1300	1	1	100	100
1301	副本场景预留	1301	1	1	100	100
1302	副本场景预留	1302	1	1	100	100
1303	副本场景预留	1303	1	1	100	100
1304	副本场景预留	1304	1	1	100	100
1305	副本场景预留	1305	1	1	100	100
1306	副本场景预留	1306	1	1	100	100
1307	副本场景预留	1307	1	1	100	100
1308	副本场景预留	1308	1	1	100	100
1309	副本场景预留	1309	1	1	100	100
1310	副本场景预留	1310	1	1	100	100
1311	副本场景预留	1311	1	1	100	100
1312	副本场景预留	1312	1	1	100	100
1313	副本场景预留	1313	1	1	100	100
1314	副本场景预留	1314	1	1	100	100
1315	副本场景预留	1315	1	1	100	100
1316	副本场景预留	1316	1	1	100	100
1317	副本场景预留	1317	1	1	100	100
1318	副本场景预留	1318	1	1	100	100
1319	副本场景预留	1319	1	1	100	100
1320	副本场景预留	1320	1	1	100	100
1321	副本场景预留	1321	1	1	100	100
1322	副本场景预留	1322	1	1	100	100
1323	副本场景预留	1323	1	1	100	100
1324	副本场景预留	1324	1	1	100	100
1325	副本场景预留	1325	1	1	100	100
1326	副本场景预留	1326	1	1	100	100
1327	副本场景预留	1327	1	1	100	100
1328	副本场景预留	1328	1	1	100	100
1329	副本场景预留	1329	1	1	100	100
1330	副本场景预留	1330	1	1	100	100
1331	副本场景预留	1331	1	1	100	100
1332	副本场景预留	1332	1	1	100	100
1333	副本场景预留	1333	1	1	100	100
1334	副本场景预留	1334	1	1	100	100
1335	副本场景预留	1335	1	1	100	100
1336	副本场景预留	1336	1	1	100	100
1337	副本场景预留	1337	1	1	100	100
1338	副本场景预留	1338	1	1	100	100
1339	副本场景预留	1339	1	1	100	100
1340	副本场景预留	1340	1	1	100	100
1341	副本场景预留	1341	1	1	100	100
1342	副本场景预留	1342	1	1	100	100
1343	副本场景预留	1343	1	1	100	100
1344	副本场景预留	1344	1	1	100	100
1345	副本场景预留	1345	1	1	100	100
1346	副本场景预留	1346	1	1	100	100
1347	副本场景预留	1347	1	1	100	100
1348	副本场景预留	1348	1	1	100	100
1349	副本场景预留	1349	1	1	100	100
1350	副本场景预留	1350	1	1	100	100
1351	副本场景预留	1351	1	1	100	100
1352	副本场景预留	1352	1	1	100	100
1353	副本场景预留	1353	1	1	100	100
1354	副本场景预留	1354	1	1	100	100
1355	副本场景预留	1355	1	1	100	100
1356	副本场景预留	1356	1	1	100	100
1357	副本场景预留	1357	1	1	100	100
1358	副本场景预留	1358	1	1	100	100
1359	副本场景预留	1359	1	1	100	100
1360	副本场景预留	1360	1	1	100	100
1361	副本场景预留	1361	1	1	100	100
1362	副本场景预留	1362	1	1	100	100
1363	副本场景预留	1363	1	1	100	100
1364	副本场景预留	1364	1	1	100	100
1365	副本场景预留	1365	1	1	100	100
1366	副本场景预留	1366	1	1	100	100
1367	副本场景预留	1367	1	1	100	100
1368	副本场景预留	1368	1	1	100	100
1369	副本场景预留	1369	1	1	100	100
1370	副本场景预留	1370	1	1	100	100
1371	副本场景预留	1371	1	1	100	100
1372	副本场景预留	1372	1	1	100	100
1373	副本场景预留	1373	1	1	100	100
1374	副本场景预留	1374	1	1	100	100
1375	副本场景预留	1375	1	1	100	100
1376	副本场景预留	1376	1	1	100	100
1377	副本场景预留	1377	1	1	100	100
1378	副本场景预留	1378	1	1	100	100
1379	副本场景预留	1379	1	1	100	100
1380	副本场景预留	1380	1	1	100	100
1381	副本场景预留	1381	1	1	100	100
1382	副本场景预留	1382	1	1	100	100
1383	副本场景预留	1383	1	1	100	100
1384	副本场景预留	1384	1	1	100	100
1385	副本场景预留	1385	1	1	100	100
1386	副本场景预留	1386	1	1	100	100
1387	副本场景预留	1387	1	1	100	100
1388	副本场景预留	1388	1	1	100	100
1389	副本场景预留	1389	1	1	100	100
1390	副本场景预留	1390	1	1	100	100
1391	副本场景预留	1391	1	1	100	100
1392	副本场景预留	1392	1	1	100	100
1393	副本场景预留	1393	1	1	100	100
1394	副本场景预留	1394	1	1	100	100
1395	副本场景预留	1395	1	1	100	100
1396	副本场景预留	1396	1	1	100	100
1397	副本场景预留	1397	1	1	100	100
1398	副本场景预留	1398	1	1	100	100
1399	副本场景预留	1399	1	1	100	100
1400	副本场景预留	1400	1	1	100	100
1401	副本场景预留	1401	1	1	100	100
1402	副本场景预留	1402	1	1	100	100
1403	副本场景预留	1403	1	1	100	100
1404	副本场景预留	1404	1	1	100	100
1405	副本场景预留	1405	1	1	100	100
1406	副本场景预留	1406	1	1	100	100
1407	副本场景预留	1407	1	1	100	100
1408	副本场景预留	1408	1	1	100	100
1409	副本场景预留	1409	1	1	100	100
1410	副本场景预留	1410	1	1	100	100
1411	副本场景预留	1411	1	1	100	100
1412	副本场景预留	1412	1	1	100	100
1413	副本场景预留	1413	1	1	100	100
1414	副本场景预留	1414	1	1	100	100
1415	副本场景预留	1415	1	1	100	100
1416	副本场景预留	1416	1	1	100	100
1417	副本场景预留	1417	1	1	100	100
1418	副本场景预留	1418	1	1	100	100
1419	副本场景预留	1419	1	1	100	100
1420	副本场景预留	1420	1	1	100	100
1421	副本场景预留	1421	1	1	100	100
1422	副本场景预留	1422	1	1	100	100
1423	副本场景预留	1423	1	1	100	100
1424	副本场景预留	1424	1	1	100	100
1425	副本场景预留	1425	1	1	100	100
1426	副本场景预留	1426	1	1	100	100
1427	副本场景预留	1427	1	1	100	100
1428	副本场景预留	1428	1	1	100	100
1429	副本场景预留	1429	1	1	100	100
1430	副本场景预留	1430	1	1	100	100
1431	副本场景预留	1431	1	1	100	100
1432	副本场景预留	1432	1	1	100	100
1433	副本场景预留	1433	1	1	100	100
1434	副本场景预留	1434	1	1	100	100
1435	副本场景预留	1435	1	1	100	100
1436	副本场景预留	1436	1	1	100	100
1437	副本场景预留	1437	1	1	100	100
1438	副本场景预留	1438	1	1	100	100
1439	副本场景预留	1439	1	1	100	100
1440	副本场景预留	1440	1	1	100	100
1441	副本场景预留	1441	1	1	100	100
1442	副本场景预留	1442	1	1	100	100
1443	副本场景预留	1443	1	1	100	100
1444	副本场景预留	1444	1	1	100	100
1445	副本场景预留	1445	1	1	100	100
1446	副本场景预留	1446	1	1	100	100
1447	副本场景预留	1447	1	1	100	100
1448	副本场景预留	1448	1	1	100	100
1449	副本场景预留	1449	1	1	100	100
1450	副本场景预留	1450	1	1	100	100
1451	副本场景预留	1451	1	1	100	100
1452	副本场景预留	1452	1	1	100	100
1453	副本场景预留	1453	1	1	100	100
1454	副本场景预留	1454	1	1	100	100
1455	副本场景预留	1455	1	1	100	100
1456	副本场景预留	1456	1	1	100	100
1457	副本场景预留	1457	1	1	100	100
1458	副本场景预留	1458	1	1	100	100
1459	副本场景预留	1459	1	1	100	100
1460	副本场景预留	1460	1	1	100	100
1461	副本场景预留	1461	1	1	100	100
1462	副本场景预留	1462	1	1	100	100
1463	副本场景预留	1463	1	1	100	100
1464	副本场景预留	1464	1	1	100	100
1465	副本场景预留	1465	1	1	100	100
1466	副本场景预留	1466	1	1	100	100
1467	副本场景预留	1467	1	1	100	100
1468	副本场景预留	1468	1	1	100	100
1469	副本场景预留	1469	1	1	100	100
1470	副本场景预留	1470	1	1	100	100
1471	副本场景预留	1471	1	1	100	100
1472	副本场景预留	1472	1	1	100	100
1473	副本场景预留	1473	1	1	100	100
1474	副本场景预留	1474	1	1	100	100
1475	副本场景预留	1475	1	1	100	100
1476	副本场景预留	1476	1	1	100	100
1477	副本场景预留	1477	1	1	100	100
1478	副本场景预留	1478	1	1	100	100
1479	副本场景预留	1479	1	1	100	100
1480	副本场景预留	1480	1	1	100	100
1481	副本场景预留	1481	1	1	100	100
1482	副本场景预留	1482	1	1	100	100
1483	副本场景预留	1483	1	1	100	100
1484	副本场景预留	1484	1	1	100	100
1485	副本场景预留	1485	1	1	100	100
1486	副本场景预留	1486	1	1	100	100
1487	副本场景预留	1487	1	1	100	100
1488	副本场景预留	1488	1	1	100	100
1489	副本场景预留	1489	1	1	100	100
1490	副本场景预留	1490	1	1	100	100
1491	副本场景预留	1491	1	1	100	100
1492	副本场景预留	1492	1	1	100	100
1493	副本场景预留	1493	1	1	100	100
1494	副本场景预留	1494	1	1	100	100
1495	副本场景预留	1495	1	1	100	100
1496	副本场景预留	1496	1	1	100	100
1497	副本场景预留	1497	1	1	100	100
1498	副本场景预留	1498	1	1	100	100
1499	副本场景预留	1499	1	1	100	100
1500	副本场景预留	1500	1	1	100	100
1501	副本场景预留	1501	1	1	100	100
1502	副本场景预留	1502	1	1	100	100
1503	副本场景预留	1503	1	1	100	100
1504	副本场景预留	1504	1	1	100	100
1505	副本场景预留	1505	1	1	100	100
1506	副本场景预留	1506	1	1	100	100
1507	副本场景预留	1507	1	1	100	100
1508	副本场景预留	1508	1	1	100	100
1509	副本场景预留	1509	1	1	100	100
1510	副本场景预留	1510	1	1	100	100
1511	副本场景预留	1511	1	1	100	100
1512	副本场景预留	1512	1	1	100	100
1513	副本场景预留	1513	1	1	100	100
1514	副本场景预留	1514	1	1	100	100
1515	副本场景预留	1515	1	1	100	100
1516	副本场景预留	1516	1	1	100	100
1517	副本场景预留	1517	1	1	100	100
1518	副本场景预留	1518	1	1	100	100
1519	副本场景预留	1519	1	1	100	100
1520	副本场景预留	1520	1	1	100	100
1521	副本场景预留	1521	1	1	100	100
1522	副本场景预留	1522	1	1	100	100
1523	副本场景预留	1523	1	1	100	100
1524	副本场景预留	1524	1	1	100	100
1525	副本场景预留	1525	1	1	100	100
1526	副本场景预留	1526	1	1	100	100
1527	副本场景预留	1527	1	1	100	100
1528	副本场景预留	1528	1	1	100	100
1529	副本场景预留	1529	1	1	100	100
1530	副本场景预留	1530	1	1	100	100
1531	副本场景预留	1531	1	1	100	100
1532	副本场景预留	1532	1	1	100	100
1533	副本场景预留	1533	1	1	100	100
1534	副本场景预留	1534	1	1	100	100
1535	副本场景预留	1535	1	1	100	100
1536	副本场景预留	1536	1	1	100	100
1537	副本场景预留	1537	1	1	100	100
1538	副本场景预留	1538	1	1	100	100
1539	副本场景预留	1539	1	1	100	100
1540	副本场景预留	1540	1	1	100	100
1541	副本场景预留	1541	1	1	100	100
1542	副本场景预留	1542	1	1	100	100
1543	副本场景预留	1543	1	1	100	100
1544	副本场景预留	1544	1	1	100	100
1545	副本场景预留	1545	1	1	100	100
1546	副本场景预留	1546	1	1	100	100
1547	副本场景预留	1547	1	1	100	100
1548	副本场景预留	1548	1	1	100	100
1549	副本场景预留	1549	1	1	100	100
1550	副本场景预留	1550	1	1	100	100
1551	副本场景预留	1551	1	1	100	100
1552	副本场景预留	1552	1	1	100	100
1553	副本场景预留	1553	1	1	100	100
1554	副本场景预留	1554	1	1	100	100
1555	副本场景预留	1555	1	1	100	100
1556	副本场景预留	1556	1	1	100	100
1557	副本场景预留	1557	1	1	100	100
1558	副本场景预留	1558	1	1	100	100
1559	副本场景预留	1559	1	1	100	100
1560	副本场景预留	1560	1	1	100	100
1561	副本场景预留	1561	1	1	100	100
1562	副本场景预留	1562	1	1	100	100
1563	副本场景预留	1563	1	1	100	100
1564	副本场景预留	1564	1	1	100	100
1565	副本场景预留	1565	1	1	100	100
1566	副本场景预留	1566	1	1	100	100
1567	副本场景预留	1567	1	1	100	100
1568	副本场景预留	1568	1	1	100	100
1569	副本场景预留	1569	1	1	100	100
1570	副本场景预留	1570	1	1	100	100
1571	副本场景预留	1571	1	1	100	100
1572	副本场景预留	1572	1	1	100	100
1573	副本场景预留	1573	1	1	100	100
1574	副本场景预留	1574	1	1	100	100
1575	副本场景预留	1575	1	1	100	100
1576	副本场景预留	1576	1	1	100	100
1577	副本场景预留	1577	1	1	100	100
1578	副本场景预留	1578	1	1	100	100
1579	副本场景预留	1579	1	1	100	100
1580	副本场景预留	1580	1	1	100	100
1581	副本场景预留	1581	1	1	100	100
1582	副本场景预留	1582	1	1	100	100
1583	副本场景预留	1583	1	1	100	100
1584	副本场景预留	1584	1	1	100	100
1585	副本场景预留	1585	1	1	100	100
1586	副本场景预留	1586	1	1	100	100
1587	副本场景预留	1587	1	1	100	100
1588	副本场景预留	1588	1	1	100	100
1589	副本场景预留	1589	1	1	100	100
1590	副本场景预留	1590	1	1	100	100
1591	副本场景预留	1591	1	1	100	100
1592	副本场景预留	1592	1	1	100	100
1593	副本场景预留	1593	1	1	100	100
1594	副本场景预留	1594	1	1	100	100
1595	副本场景预留	1595	1	1	100	100
1596	副本场景预留	1596	1	1	100	100
1597	副本场景预留	1597	1	1	100	100
1598	副本场景预留	1598	1	1	100	100
1599	副本场景预留	1599	1	1	100	100
1600	副本场景预留	1600	1	1	100	100
1601	副本场景预留	1601	1	1	100	100
1602	副本场景预留	1602	1	1	100	100
1603	副本场景预留	1603	1	1	100	100
1604	副本场景预留	1604	1	1	100	100
1605	副本场景预留	1605	1	1	100	100
1606	副本场景预留	1606	1	1	100	100
1607	副本场景预留	1607	1	1	100	100
1608	副本场景预留	1608	1	1	100	100
1609	副本场景预留	1609	1	1	100	100
1610	副本场景预留	1610	1	1	100	100
1611	副本场景预留	1611	1	1	100	100
1612	副本场景预留	1612	1	1	100	100
1613	副本场景预留	1613	1	1	100	100
1614	副本场景预留	1614	1	1	100	100
1615	副本场景预留	1615	1	1	100	100
1616	副本场景预留	1616	1	1	100	100
1617	副本场景预留	1617	1	1	100	100
1618	副本场景预留	1618	1	1	100	100
1619	副本场景预留	1619	1	1	100	100
1620	副本场景预留	1620	1	1	100	100
1621	副本场景预留	1621	1	1	100	100
1622	副本场景预留	1622	1	1	100	100
1623	副本场景预留	1623	1	1	100	100
1624	副本场景预留	1624	1	1	100	100
1625	副本场景预留	1625	1	1	100	100
1626	副本场景预留	1626	1	1	100	100
1627	副本场景预留	1627	1	1	100	100
1628	副本场景预留	1628	1	1	100	100
1629	副本场景预留	1629	1	1	100	100
1630	副本场景预留	1630	1	1	100	100
1631	副本场景预留	1631	1	1	100	100
1632	副本场景预留	1632	1	1	100	100
1633	副本场景预留	1633	1	1	100	100
1634	副本场景预留	1634	1	1	100	100
1635	副本场景预留	1635	1	1	100	100
1636	副本场景预留	1636	1	1	100	100
1637	副本场景预留	1637	1	1	100	100
1638	副本场景预留	1638	1	1	100	100
1639	副本场景预留	1639	1	1	100	100
1640	副本场景预留	1640	1	1	100	100
1641	副本场景预留	1641	1	1	100	100
1642	副本场景预留	1642	1	1	100	100
1643	副本场景预留	1643	1	1	100	100
1644	副本场景预留	1644	1	1	100	100
1645	副本场景预留	1645	1	1	100	100
1646	副本场景预留	1646	1	1	100	100
1647	副本场景预留	1647	1	1	100	100
1648	副本场景预留	1648	1	1	100	100
1649	副本场景预留	1649	1	1	100	100
1650	副本场景预留	1650	1	1	100	100
1651	副本场景预留	1651	1	1	100	100
1652	副本场景预留	1652	1	1	100	100
1653	副本场景预留	1653	1	1	100	100
1654	副本场景预留	1654	1	1	100	100
1655	副本场景预留	1655	1	1	100	100
1656	副本场景预留	1656	1	1	100	100
1657	副本场景预留	1657	1	1	100	100
1658	副本场景预留	1658	1	1	100	100
1659	副本场景预留	1659	1	1	100	100
1660	副本场景预留	1660	1	1	100	100
1661	副本场景预留	1661	1	1	100	100
1662	副本场景预留	1662	1	1	100	100
1663	副本场景预留	1663	1	1	100	100
1664	副本场景预留	1664	1	1	100	100
1665	副本场景预留	1665	1	1	100	100
1666	副本场景预留	1666	1	1	100	100
1667	副本场景预留	1667	1	1	100	100
1668	副本场景预留	1668	1	1	100	100
1669	副本场景预留	1669	1	1	100	100
1670	副本场景预留	1670	1	1	100	100
1671	副本场景预留	1671	1	1	100	100
1672	副本场景预留	1672	1	1	100	100
1673	副本场景预留	1673	1	1	100	100
1674	副本场景预留	1674	1	1	100	100
1675	副本场景预留	1675	1	1	100	100
1676	副本场景预留	1676	1	1	100	100
1677	副本场景预留	1677	1	1	100	100
1678	副本场景预留	1678	1	1	100	100
1679	副本场景预留	1679	1	1	100	100
1680	副本场景预留	1680	1	1	100	100
1681	副本场景预留	1681	1	1	100	100
1682	副本场景预留	1682	1	1	100	100
1683	副本场景预留	1683	1	1	100	100
1684	副本场景预留	1684	1	1	100	100
1685	副本场景预留	1685	1	1	100	100
1686	副本场景预留	1686	1	1	100	100
1687	副本场景预留	1687	1	1	100	100
1688	副本场景预留	1688	1	1	100	100
1689	副本场景预留	1689	1	1	100	100
1690	副本场景预留	1690	1	1	100	100
1691	副本场景预留	1691	1	1	100	100
1692	副本场景预留	1692	1	1	100	100
1693	副本场景预留	1693	1	1	100	100
1694	副本场景预留	1694	1	1	100	100
1695	副本场景预留	1695	1	1	100	100
1696	副本场景预留	1696	1	1	100	100
1697	副本场景预留	1697	1	1	100	100
1698	副本场景预留	1698	1	1	100	100
1699	副本场景预留	1699	1	1	100	100
1700	副本场景预留	1700	1	1	100	100
1701	副本场景预留	1701	1	1	100	100
1702	副本场景预留	1702	1	1	100	100
1703	副本场景预留	1703	1	1	100	100
1704	副本场景预留	1704	1	1	100	100
1705	副本场景预留	1705	1	1	100	100
1706	副本场景预留	1706	1	1	100	100
1707	副本场景预留	1707	1	1	100	100
1708	副本场景预留	1708	1	1	100	100
1709	副本场景预留	1709	1	1	100	100
1710	副本场景预留	1710	1	1	100	100
1711	副本场景预留	1711	1	1	100	100
1712	副本场景预留	1712	1	1	100	100
1713	副本场景预留	1713	1	1	100	100
1714	副本场景预留	1714	1	1	100	100
1715	副本场景预留	1715	1	1	100	100
1716	副本场景预留	1716	1	1	100	100
1717	副本场景预留	1717	1	1	100	100
1718	副本场景预留	1718	1	1	100	100
1719	副本场景预留	1719	1	1	100	100
1720	副本场景预留	1720	1	1	100	100
1721	副本场景预留	1721	1	1	100	100
1722	副本场景预留	1722	1	1	100	100
1723	副本场景预留	1723	1	1	100	100
1724	副本场景预留	1724	1	1	100	100
1725	副本场景预留	1725	1	1	100	100
1726	副本场景预留	1726	1	1	100	100
1727	副本场景预留	1727	1	1	100	100
1728	副本场景预留	1728	1	1	100	100
1729	副本场景预留	1729	1	1	100	100
1730	副本场景预留	1730	1	1	100	100
1731	副本场景预留	1731	1	1	100	100
1732	副本场景预留	1732	1	1	100	100
1733	副本场景预留	1733	1	1	100	100
1734	副本场景预留	1734	1	1	100	100
1735	副本场景预留	1735	1	1	100	100
1736	副本场景预留	1736	1	1	100	100
1737	副本场景预留	1737	1	1	100	100
1738	副本场景预留	1738	1	1	100	100
1739	副本场景预留	1739	1	1	100	100
1740	副本场景预留	1740	1	1	100	100
1741	副本场景预留	1741	1	1	100	100
1742	副本场景预留	1742	1	1	100	100
1743	副本场景预留	1743	1	1	100	100
1744	副本场景预留	1744	1	1	100	100
1745	副本场景预留	1745	1	1	100	100
1746	副本场景预留	1746	1	1	100	100
1747	副本场景预留	1747	1	1	100	100
1748	副本场景预留	1748	1	1	100	100
1749	副本场景预留	1749	1	1	100	100
1750	副本场景预留	1750	1	1	100	100
1751	副本场景预留	1751	1	1	100	100
1752	副本场景预留	1752	1	1	100	100
1753	副本场景预留	1753	1	1	100	100
1754	副本场景预留	1754	1	1	100	100
1755	副本场景预留	1755	1	1	100	100
1756	副本场景预留	1756	1	1	100	100
1757	副本场景预留	1757	1	1	100	100
1758	副本场景预留	1758	1	1	100	100
1759	副本场景预留	1759	1	1	100	100
1760	副本场景预留	1760	1	1	100	100
1761	副本场景预留	1761	1	1	100	100
1762	副本场景预留	1762	1	1	100	100
1763	副本场景预留	1763	1	1	100	100
1764	副本场景预留	1764	1	1	100	100
1765	副本场景预留	1765	1	1	100	100
1766	副本场景预留	1766	1	1	100	100
1767	副本场景预留	1767	1	1	100	100
1768	副本场景预留	1768	1	1	100	100
1769	副本场景预留	1769	1	1	100	100
1770	副本场景预留	1770	1	1	100	100
1771	副本场景预留	1771	1	1	100	100
1772	副本场景预留	1772	1	1	100	100
1773	副本场景预留	1773	1	1	100	100
1774	副本场景预留	1774	1	1	100	100
1775	副本场景预留	1775	1	1	100	100
1776	副本场景预留	1776	1	1	100	100
1777	副本场景预留	1777	1	1	100	100
1778	副本场景预留	1778	1	1	100	100
1779	副本场景预留	1779	1	1	100	100
1780	副本场景预留	1780	1	1	100	100
1781	副本场景预留	1781	1	1	100	100
1782	副本场景预留	1782	1	1	100	100
1783	副本场景预留	1783	1	1	100	100
1784	副本场景预留	1784	1	1	100	100
1785	副本场景预留	1785	1	1	100	100
1786	副本场景预留	1786	1	1	100	100
1787	副本场景预留	1787	1	1	100	100
1788	副本场景预留	1788	1	1	100	100
1789	副本场景预留	1789	1	1	100	100
1790	副本场景预留	1790	1	1	100	100
1791	副本场景预留	1791	1	1	100	100
1792	副本场景预留	1792	1	1	100	100
1793	副本场景预留	1793	1	1	100	100
1794	副本场景预留	1794	1	1	100	100
1795	副本场景预留	1795	1	1	100	100
1796	副本场景预留	1796	1	1	100	100
1797	副本场景预留	1797	1	1	100	100
1798	副本场景预留	1798	1	1	100	100
1799	副本场景预留	1799	1	1	100	100
1800	副本场景预留	1800	1	1	100	100
1801	副本场景预留	1801	1	1	100	100
1802	副本场景预留	1802	1	1	100	100
1803	副本场景预留	1803	1	1	100	100
1804	副本场景预留	1804	1	1	100	100
1805	副本场景预留	1805	1	1	100	100
1806	副本场景预留	1806	1	1	100	100
1807	副本场景预留	1807	1	1	100	100
1808	副本场景预留	1808	1	1	100	100
1809	副本场景预留	1809	1	1	100	100
1810	副本场景预留	1810	1	1	100	100
1811	副本场景预留	1811	1	1	100	100
1812	副本场景预留	1812	1	1	100	100
1813	副本场景预留	1813	1	1	100	100
1814	副本场景预留	1814	1	1	100	100
1815	副本场景预留	1815	1	1	100	100
1816	副本场景预留	1816	1	1	100	100
1817	副本场景预留	1817	1	1	100	100
1818	副本场景预留	1818	1	1	100	100
1819	副本场景预留	1819	1	1	100	100
1820	副本场景预留	1820	1	1	100	100
1821	副本场景预留	1821	1	1	100	100
1822	副本场景预留	1822	1	1	100	100
1823	副本场景预留	1823	1	1	100	100
1824	副本场景预留	1824	1	1	100	100
1825	副本场景预留	1825	1	1	100	100
1826	副本场景预留	1826	1	1	100	100
1827	副本场景预留	1827	1	1	100	100
1828	副本场景预留	1828	1	1	100	100
1829	副本场景预留	1829	1	1	100	100
1830	副本场景预留	1830	1	1	100	100
1831	副本场景预留	1831	1	1	100	100
1832	副本场景预留	1832	1	1	100	100
1833	副本场景预留	1833	1	1	100	100
1834	副本场景预留	1834	1	1	100	100
1835	副本场景预留	1835	1	1	100	100
1836	副本场景预留	1836	1	1	100	100
1837	副本场景预留	1837	1	1	100	100
1838	副本场景预留	1838	1	1	100	100
1839	副本场景预留	1839	1	1	100	100
1840	副本场景预留	1840	1	1	100	100
1841	副本场景预留	1841	1	1	100	100
1842	副本场景预留	1842	1	1	100	100
1843	副本场景预留	1843	1	1	100	100
1844	副本场景预留	1844	1	1	100	100
1845	副本场景预留	1845	1	1	100	100
1846	副本场景预留	1846	1	1	100	100
1847	副本场景预留	1847	1	1	100	100
1848	副本场景预留	1848	1	1	100	100
1849	副本场景预留	1849	1	1	100	100
1850	副本场景预留	1850	1	1	100	100
1851	副本场景预留	1851	1	1	100	100
1852	副本场景预留	1852	1	1	100	100
1853	副本场景预留	1853	1	1	100	100
1854	副本场景预留	1854	1	1	100	100
1855	副本场景预留	1855	1	1	100	100
1856	副本场景预留	1856	1	1	100	100
1857	副本场景预留	1857	1	1	100	100
1858	副本场景预留	1858	1	1	100	100
1859	副本场景预留	1859	1	1	100	100
1860	副本场景预留	1860	1	1	100	100
1861	副本场景预留	1861	1	1	100	100
1862	副本场景预留	1862	1	1	100	100
1863	副本场景预留	1863	1	1	100	100
1864	副本场景预留	1864	1	1	100	100
1865	副本场景预留	1865	1	1	100	100
1866	副本场景预留	1866	1	1	100	100
1867	副本场景预留	1867	1	1	100	100
1868	副本场景预留	1868	1	1	100	100
1869	副本场景预留	1869	1	1	100	100
1870	副本场景预留	1870	1	1	100	100
1871	副本场景预留	1871	1	1	100	100
1872	副本场景预留	1872	1	1	100	100
1873	副本场景预留	1873	1	1	100	100
1874	副本场景预留	1874	1	1	100	100
1875	副本场景预留	1875	1	1	100	100
1876	副本场景预留	1876	1	1	100	100
1877	副本场景预留	1877	1	1	100	100
1878	副本场景预留	1878	1	1	100	100
1879	副本场景预留	1879	1	1	100	100
1880	副本场景预留	1880	1	1	100	100
1881	副本场景预留	1881	1	1	100	100
1882	副本场景预留	1882	1	1	100	100
1883	副本场景预留	1883	1	1	100	100
1884	副本场景预留	1884	1	1	100	100
1885	副本场景预留	1885	1	1	100	100
1886	副本场景预留	1886	1	1	100	100
1887	副本场景预留	1887	1	1	100	100
1888	副本场景预留	1888	1	1	100	100
1889	副本场景预留	1889	1	1	100	100
1890	副本场景预留	1890	1	1	100	100
1891	副本场景预留	1891	1	1	100	100
1892	据点战1	1892	1	1	100	100
1893	据点战2	1893	1	1	100	100
1894	据点战3	1894	1	1	100	100
1895	据点战4	1895	1	1	100	100
1896	据点战5	1896	1	1	100	100
1897	据点战6	1897	1	1	100	100
1898	据点战7	1898	1	1	100	100
1899	据点战8	1899	1	1	100	100
1900	据点战9	1900	1	1	100	100
1901	据点战10	1901	1	1	100	100
1902	楼兰青龙守护战场	1902	1	1	100	100
1903	楼兰朱雀守护战场	1903	1	1	100	100
1904	莱茵青龙守护战场	1904	1	1	100	100
1905	莱茵朱雀守护战场	1905	1	1	100	100
1906	昆仑青龙守护战场	1906	1	1	100	100
1907	昆仑朱雀守护战场	1907	1	1	100	100
1908	敦煌青龙守护战场	1908	1	1	100	100
1909	敦煌朱雀守护战场	1909	1	1	100	100
1910	龙之谷战场	1910	1	1	100	100
1911	龙之谷战场	1911	1	1	100	100
1912	龙之谷战场	1912	1	1	100	100
1913	龙之谷战场	1913	1	1	100	100
1914	龙之谷战场	1914	1	1	100	100
1915	龙之谷战场	1915	1	1	100	100
1916	龙之谷战场	1916	1	1	100	100
1917	龙之谷战场	1917	1	1	100	100
1918	龙之谷战场	1918	1	1	100	100
1919	龙之谷战场	1919	1	1	100	100
1920	阔亦田战场	1920	1	1	100	100
1921	阔亦田战场	1921	1	1	100	100
1922	阔亦田战场	1922	1	1	100	100
1923	阔亦田战场	1923	1	2	100	100
1924	阔亦田战场	1924	1	2	100	100
1925	阔亦田战场	1925	1	2	100	100
1926	阔亦田战场	1926	1	2	100	100
1927	阔亦田战场	1927	1	2	100	100
1928	阔亦田战场	1928	1	2	100	100
1929	阔亦田战场	1929	1	2	100	100
1930	阔亦田战场	1930	1	2	100	100
1931	阔亦田战场	1931	1	2	100	100
1932	阔亦田战场	1932	1	2	100	100
1933	阔亦田战场	1933	1	2	100	100
1934	阔亦田战场	1934	1	2	100	100
1935	阔亦田战场	1935	1	2	100	100
1936	阔亦田战场	1936	1	2	100	100
1937	阔亦田战场	1937	1	2	100	100
1938	阔亦田战场	1938	1	2	100	100
1939	阔亦田战场	1939	1	2	100	100
1940	阔亦田战场	1940	1	2	100	100
1941	阔亦田战场	1941	1	2	100	100
1942	阔亦田战场	1942	1	2	100	100
1943	阔亦田战场	1943	1	2	100	100
1944	阔亦田战场	1944	1	2	100	100
1945	阔亦田战场	1945	1	2	100	100
1946	阔亦田战场	1946	1	2	100	100
1947	阔亦田战场	1947	1	2	100	100
1948	阔亦田战场	1948	1	2	100	100
1949	阔亦田战场	1949	1	2	100	100
1950	阔亦田战场	1950	1	2	100	100
1951	阔亦田战场	1951	1	2	100	100
1952	阔亦田战场	1952	1	2	100	100
1953	阔亦田战场	1953	1	2	100	100
1954	阔亦田战场	1954	1	2	100	100
1955	阔亦田战场	1955	1	2	100	100
1956	阔亦田战场	1956	1	2	100	100
1957	阔亦田战场	1957	1	2	100	100
1958	阔亦田战场	1958	1	2	100	100
1959	阔亦田战场	1959	1	2	100	100
1960	阔亦田战场	1960	1	2	100	100
1961	阔亦田战场	1961	1	2	100	100
1962	阔亦田战场	1962	1	2	100	100
1963	阔亦田战场	1963	1	2	100	100
1964	阔亦田战场	1964	1	2	100	100
1965	阔亦田战场	1965	1	2	100	100
1966	阔亦田战场	1966	1	2	100	100
1967	阔亦田战场	1967	1	2	100	100
1968	阔亦田战场	1968	1	2	100	100
1969	阔亦田战场	1969	1	2	100	100
1970	阔亦田战场	1970	1	2	100	100
1971	阔亦田战场	1971	1	2	100	100
1972	阔亦田战场	1972	1	2	100	100
1973	阔亦田战场	1973	1	2	100	100
1974	阔亦田战场	1974	1	2	100	100
1975	阔亦田战场	1975	1	2	100	100
1976	阔亦田战场	1976	1	2	100	100
1977	阔亦田战场	1977	1	2	100	100
1978	阔亦田战场	1978	1	2	100	100
1979	阔亦田战场	1979	1	2	100	100
1980	阔亦田战场	1980	1	2	100	100
1981	阔亦田战场	1981	1	2	100	100
1982	阔亦田战场	1982	1	2	100	100
1983	阔亦田战场	1983	1	2	100	100
1984	阔亦田战场	1984	1	2	100	100
1985	阔亦田战场	1985	1	2	100	100
1986	阔亦田战场	1986	1	2	100	100
1987	阔亦田战场	1987	1	2	100	100
1988	阔亦田战场	1988	1	2	100	100
1989	阔亦田战场	1989	1	2	100	100
1990	阔亦田战场	1990	1	2	100	100
1991	阔亦田战场	1991	1	2	100	100
1992	阔亦田战场	1992	1	2	100	100
1993	阔亦田战场	1993	1	2	100	100
1994	阔亦田战场	1994	1	2	100	100
1995	阔亦田战场	1995	1	2	100	100
1996	阔亦田战场	1996	1	2	100	100
1997	阔亦田战场	1997	1	2	100	100
1998	阔亦田战场	1998	1	2	100	100
1999	阔亦田战场	1999	1	2	100	100
2000	阔亦田战场	2000	1	2	100	100
2001	阔亦田战场	2001	1	2	100	100
2002	阔亦田战场	2002	1	2	100	100
2003	阔亦田战场	2003	1	2	100	100
2004	阔亦田战场	2004	1	2	100	100
2005	阔亦田战场	2005	1	2	100	100
2006	阔亦田战场	2006	1	2	100	100
2007	阔亦田战场	2007	1	2	100	100
2008	阔亦田战场	2008	1	2	100	100
2009	阔亦田战场	2009	1	2	100	100
2010	阔亦田战场	2010	1	2	100	100
2011	阔亦田战场	2011	1	2	100	100
2012	阔亦田战场	2012	1	2	100	100
2013	阔亦田战场	2013	1	2	100	100
2014	阔亦田战场	2014	1	2	100	100
2015	阔亦田战场	2015	1	2	100	100
2016	阔亦田战场	2016	1	2	100	100
2017	阔亦田战场	2017	1	2	100	100
2018	阔亦田战场	2018	1	2	100	100
2019	阔亦田战场	2019	1	2	100	100
2020	阔亦田战场	2020	1	2	100	100
2021	阔亦田战场	2021	1	2	100	100
2022	阔亦田战场	2022	1	2	100	100
2023	阔亦田战场	2023	1	2	100	100
2024	阔亦田战场	2024	1	2	100	100
2025	阔亦田战场	2025	1	2	100	100
2026	阔亦田战场	2026	1	2	100	100
2027	阔亦田战场	2027	1	2	100	100
2028	阔亦田战场	2028	1	2	100	100
2029	阔亦田战场	2029	1	2	100	100
2030	阔亦田战场	2030	1	2	100	100
2031	阔亦田战场	2031	1	2	100	100
2032	阔亦田战场	2032	1	2	100	100
2033	阔亦田战场	2033	1	2	100	100
2034	阔亦田战场	2034	1	2	100	100
2035	阔亦田战场	2035	1	2	100	100
2036	阔亦田战场	2036	1	2	100	100
2037	阔亦田战场	2037	1	2	100	100
2038	阔亦田战场	2038	1	2	100	100
2039	阔亦田战场	2039	1	2	100	100
2040	阔亦田战场	2040	1	2	100	100
2041	阔亦田战场	2041	1	2	100	100
2042	阔亦田战场	2042	1	2	100	100
2043	阔亦田战场	2043	1	2	100	100
2044	阔亦田战场	2044	1	2	100	100
2045	阔亦田战场	2045	1	2	100	100
2046	阔亦田战场	2046	1	2	100	100
2047	阔亦田战场	2047	1	2	100	100
