INT	STRING	INT	INT	INT	INT	INT	INT	INT	INT
该ID和道具表里的ID保持一致	该道具的名称	"道具分别对应着不同的使用类型,表示的后面数值的作用的对象不同.其中1表示的是增加骑乘悟性的道具,2表示增加骑乘根骨的道具3表示的是增加快乐度4表示增加可使用技能格子数5表示对应位置的洗去技能格子的笑忘书,-1表示无作用6表示领悟型技能道具,增加领悟技能7表示扩展位置的技能书8表示还童书"	"对应1类型的数值填写表示的含义是按照百分比增加骑乘的悟性,对应2表示百分比增加根骨,3表示百分比增加快度,4,5,6,7，8该项数值无作用"	"对应0类型的数值填写表示的含义是按照数值增加骑乘的悟性,对应1表示按照数值增加根骨,2表示按照数值增加快乐度,3表示扩展格子的数目,,4表示对应洗去的格子位置,7表示新骑乘的成长率5,6该数值无作用"	"当道具类型填写5和6时候,填写该ID添加相应的技能,对应技能表格的ID号码,按照成功率添加技能."	"成功的概率,对6和7有效"	使用等级(对应骑乘的等级)	骑乘的等级	变异限制0:不限制 1:限制
12050000	常乐草	0	0	10	11	100	0	0	0
12050004	无忧草	0	0	50	11	100	0	0	0
12050009	极乐草	0	0	100	11	100	0	0	0
12050010	天生.一	1	-1	1	-1	100	0	0	0
12050011	天生.二	1	-1	2	-1	100	0	0	0
12050012	天生.三	1	-1	3	-1	100	0	0	0
12050013	天生.四	1	-1	4	-1	100	0	0	0
12050014	天生.五	1	-1	5	-1	100	0	0	0
12050015	天生.六	1	-1	6	-1	100	0	0	0
12050020	地落.一	2	-1	7	-1	100	0	0	0
12050021	地落.二	2	-1	8	-1	100	0	0	0
12050022	地落.三	2	-1	9	-1	100	0	0	0
12050023	地落.四	2	-1	10	-1	100	0	0	0
12050024	地落.五	2	-1	11	-1	100	0	0	0
12050025	地落.六	2	-1	12	-1	100	0	0	0
12050055	一级勇力丹	5	-1	10	-1	-1	0	0	0
12050065	一级追影丹	6	-1	10	-1	-1	0	0	0
12050075	一级心智丹	7	-1	10	-1	-1	0	0	0
12050085	一级强身丹	8	-1	10	-1	-1	0	0	0
12050090	一级融雪丹	9	-1	194048	-1	-1	0	0	0
12050091	二级融雪丹	9	-1	1153022	-1	-1	45	0	0
12050092	三级融雪丹	9	-1	3410771	-1	-1	55	0	0
12050093	四级融雪丹	9	-1	10000000	-1	-1	65	0	0
12050094	五级融雪丹	9	-1	30000000	-1	-1	75	0	0
12050095	六级融雪丹	9	-1	30000000	-1	-1	0	0	0
12050096	七级融雪丹	9	-1	30000000	-1	-1	0	0	0
12050097	八级融雪丹	9	-1	30000000	-1	-1	0	0	0
12050098	九级融雪丹	9	-1	30000000	-1	-1	0	0	0
12050099	十级融雪丹	9	-1	30000000	-1	-1	0	0	0
12050100	重生丹	10	1	-1	-1	-1	0	0	0
12050110	浴火丹	11	1	-1	2	-1	0	0	0
12050120	本原丹	12	1	-1	1	-1	0	0	0
12052001	一级疾奔	3	-1	1	11000	100	0	0	0
12052011	一级健体	3	-1	1	11010	100	0	0	0
12052012	二级健体	3	-1	1	11011	100	0	0	0
12052013	三级健体	3	-1	1	11012	100	0	0	0
12052014	四级健体	3	-1	1	11013	100	0	0	0
12052015	五级健体	3	-1	1	11014	100	80	0	0
12052016	六级健体	3	-1	1	11015	100	80	0	0
12052021	一级蛮力	3	-1	1	11020	100	0	0	0
12052022	二级蛮力	3	-1	1	11021	100	0	0	0
12052023	三级蛮力	3	-1	1	11022	100	0	0	0
12052024	四级蛮力	3	-1	1	11023	100	0	0	0
12052025	五级蛮力	3	-1	1	11024	100	80	0	0
12052026	六级蛮力	3	-1	1	11025	100	80	0	0
12052031	一级追影	3	-1	1	11030	100	0	0	0
12052032	二级追影	3	-1	1	11031	100	0	0	0
12052033	三级追影	3	-1	1	11032	100	0	0	0
12052034	四级追影	3	-1	1	11033	100	0	0	0
12052035	五级追影	3	-1	1	11034	100	80	0	0
12052036	六级追影	3	-1	1	11035	100	80	0	0
12052041	一级聪慧	3	-1	1	11040	100	0	0	0
12052042	二级聪慧	3	-1	1	11041	100	0	0	0
12052043	三级聪慧	3	-1	1	11042	100	0	0	0
12052044	四级聪慧	3	-1	1	11043	100	0	0	0
12052045	五级聪慧	3	-1	1	11044	100	80	0	0
12052046	六级聪慧	3	-1	1	11045	100	80	0	0
12052051	一级全能	3	-1	1	11050	100	0	0	0
12052052	二级全能	3	-1	1	11051	100	0	0	0
12052053	三级全能	3	-1	1	11052	100	0	0	0
12052054	四级全能	3	-1	1	11053	100	0	0	0
12052055	五级全能	3	-1	1	11054	100	80	0	0
12052056	六级全能	3	-1	1	11055	100	80	0	0
12052061	一级闪避	3	-1	1	11100	100	0	0	0
12052062	二级闪避	3	-1	1	11101	100	0	0	0
12052063	三级闪避	3	-1	1	11102	100	0	0	0
12052064	四级闪避	3	-1	1	11103	100	0	0	0
12052065	五级闪避	3	-1	1	11104	100	80	0	0
12052066	六级闪避	3	-1	1	11105	100	80	0	0
12052071	一级命中	3	-1	1	11110	100	0	0	0
12052072	二级命中	3	-1	1	11111	100	0	0	0
12052073	三级命中	3	-1	1	11112	100	0	0	0
12052074	四级命中	3	-1	1	11113	100	0	0	0
12052075	五级命中	3	-1	1	11114	100	80	0	0
12052076	六级命中	3	-1	1	11115	100	80	0	0
12052081	一级暴击	3	-1	1	11120	100	0	0	0
12052082	二级暴击	3	-1	1	11121	100	0	0	0
12052083	三级暴击	3	-1	1	11122	100	0	0	0
12052084	四级暴击	3	-1	1	11123	100	0	0	0
12052085	五级暴击	3	-1	1	11124	100	80	0	0
12052086	六级暴击	3	-1	1	11125	100	80	0	0
12052091	一级乱战	3	-1	1	11220	100	0	0	0
12052092	二级乱战	3	-1	1	11221	100	0	0	0
12052093	三级乱战	3	-1	1	11222	100	0	0	0
12052094	四级乱战	3	-1	1	11223	100	0	0	0
12052095	五级乱战	3	-1	1	11224	100	80	0	0
12052096	六级乱战	3	-1	1	11225	100	80	0	0
12052101	一级破军	3	-1	1	11240	100	0	0	0
12052102	二级破军	3	-1	1	11241	100	0	0	0
12052103	三级破军	3	-1	1	11242	100	0	0	0
12052104	四级破军	3	-1	1	11243	100	0	0	0
12052105	五级破军	3	-1	1	11244	100	80	0	0
12052106	六级破军	3	-1	1	11245	100	80	0	0
12052111	一级魔灭	3	-1	1	11260	100	0	0	0
12052112	二级魔灭	3	-1	1	11261	100	0	0	0
12052113	三级魔灭	3	-1	1	11262	100	0	0	0
12052114	四级魔灭	3	-1	1	11263	100	0	0	0
12052115	五级魔灭	3	-1	1	11264	100	80	0	0
12052116	六级魔灭	3	-1	1	11265	100	80	0	0
12052121	一级猛击	3	-1	1	11400	100	0	0	0
12052122	二级猛击	3	-1	1	11401	100	0	0	0
12052123	三级猛击	3	-1	1	11402	100	0	0	0
12052124	四级猛击	3	-1	1	11403	100	0	0	0
12052125	五级猛击	3	-1	1	11404	100	80	0	0
12052126	六级猛击	3	-1	1	11405	100	80	0	0
12052131	一级连环	3	-1	1	11420	100	0	0	0
12052132	二级连环	3	-1	1	11421	100	0	0	0
12052133	三级连环	3	-1	1	11422	100	0	0	0
12052134	四级连环	3	-1	1	11423	100	0	0	0
12052135	五级连环	3	-1	1	11424	100	80	0	0
12052136	六级连环	3	-1	1	11425	100	80	0	0
12052141	一级偷袭	3	-1	1	11440	100	0	0	0
12052142	二级偷袭	3	-1	1	11441	100	0	0	0
12052143	三级偷袭	3	-1	1	11442	100	0	0	0
12052144	四级偷袭	3	-1	1	11443	100	0	0	0
12052145	五级偷袭	3	-1	1	11444	100	80	0	0
12052146	六级偷袭	3	-1	1	11445	100	80	0	0
12052151	一级回春	3	-1	1	11610	100	0	0	0
12052152	二级回春	3	-1	1	11611	100	0	0	0
12052153	三级回春	3	-1	1	11612	100	0	0	0
12052154	四级回春	3	-1	1	11613	100	0	0	0
12052155	五级回春	3	-1	1	11614	100	80	0	0
12052156	六级回春	3	-1	1	11615	100	80	0	0
12052161	一级回复	3	-1	1	11630	100	0	0	0
12052162	二级回复	3	-1	1	11631	100	0	0	0
12052163	三级回复	3	-1	1	11632	100	0	0	0
12052164	四级回复	3	-1	1	11633	100	0	0	0
12052165	五级回复	3	-1	1	11634	100	80	0	0
12052166	六级回复	3	-1	1	11635	100	80	0	0
12052171	一级防御	3	-1	1	11710	100	0	0	0
12052172	二级防御	3	-1	1	11711	100	0	0	0
12052173	三级防御	3	-1	1	11712	100	0	0	0
12052174	四级防御	3	-1	1	11713	100	0	0	0
12052175	五级防御	3	-1	1	11714	100	80	0	0
12052176	六级防御	3	-1	1	11715	100	80	0	0
12052181	一级震撼	4	-1	1	11800	100	0	0	0
12052182	二级震撼	4	-1	1	11801	100	80	0	0
12052183	三级震撼	4	-1	1	11802	100	90	0	0
12052184	四级震撼	4	-1	1	11803	100	0	0	0
12052185	五级震撼	4	-1	1	11804	100	80	0	0
12052186	六级震撼	4	-1	1	11805	100	80	0	0
12052191	一级羽锋	4	-1	1	11810	100	0	0	0
12052192	二级羽锋	4	-1	1	11811	100	80	0	0
12052193	三级羽锋	4	-1	1	11812	100	90	0	0
12052194	四级羽锋	4	-1	1	11813	100	0	0	0
12052195	五级羽锋	4	-1	1	11814	100	80	0	0
12052196	六级羽锋	4	-1	1	11815	100	80	0	0
12052201	一级魔舞	4	-1	1	11820	100	0	0	0
12052202	二级魔舞	4	-1	1	11821	100	80	0	0
12052203	三级魔舞	4	-1	1	11822	100	90	0	0
12052204	四级魔舞	4	-1	1	11823	100	0	0	0
12052205	五级魔舞	4	-1	1	11824	100	80	0	0
12052206	六级魔舞	4	-1	1	11825	100	80	0	0
12052211	一级无刃	4	-1	1	12000	100	0	0	0
12052212	二级无刃	4	-1	1	12001	100	80	0	0
12052213	三级无刃	4	-1	1	12002	100	90	0	0
12052214	四级无刃	4	-1	1	12003	100	0	0	0
12052215	五级无刃	4	-1	1	12004	100	80	0	0
12052216	六级无刃	4	-1	1	12005	100	80	0	0
12052221	一级锋芒	4	-1	1	12010	100	0	0	0
12052222	二级锋芒	4	-1	1	12011	100	80	0	0
12052223	三级锋芒	4	-1	1	12012	100	90	0	0
12052224	四级锋芒	4	-1	1	12013	100	0	0	0
12052225	五级锋芒	4	-1	1	12014	100	80	0	0
12052226	六级锋芒	4	-1	1	12015	100	80	0	0
12052231	一级九天	4	-1	1	12020	100	0	0	0
12052232	二级九天	4	-1	1	12021	100	80	0	0
12052233	三级九天	4	-1	1	12022	100	90	0	0
12052234	四级九天	4	-1	1	12023	100	0	0	0
12052235	五级九天	4	-1	1	12024	100	80	0	0
12052236	六级九天	4	-1	1	12025	100	80	0	0
12052241	一级祝福	4	-1	1	12200	100	0	80	1
12052242	二级祝福	4	-1	1	12201	100	80	0	0
12052243	三级祝福	4	-1	1	12202	100	90	0	0
12052244	四级祝福	4	-1	1	12203	100	0	0	0
12052245	五级祝福	4	-1	1	12204	100	80	0	0
12052246	六级祝福	4	-1	1	12205	100	80	0	0
12052251	一级回生	4	-1	1	12210	100	0	80	1
12052252	二级回生	4	-1	1	12211	100	80	0	0
12052253	三级回生	4	-1	1	12212	100	90	0	0
12052254	四级回生	4	-1	1	12213	100	0	0	0
12052255	五级回生	4	-1	1	12214	100	80	0	0
12052256	六级回生	4	-1	1	12215	100	80	0	0
12052261	一级暴躁	4	-1	1	12220	100	0	80	1
12052262	二级暴躁	4	-1	1	12221	100	80	0	0
12052263	三级暴躁	4	-1	1	12222	100	90	0	0
12052264	四级暴躁	4	-1	1	12223	100	0	0	0
12052265	五级暴躁	4	-1	1	12224	100	80	0	0
12052266	六级暴躁	4	-1	1	12225	100	80	0	0
12052271	一级冲动	4	-1	1	12230	100	0	80	1
12052272	二级冲动	4	-1	1	12231	100	80	0	0
12052273	三级冲动	4	-1	1	12232	100	90	0	0
12052274	四级冲动	4	-1	1	12233	100	0	0	0
12052275	五级冲动	4	-1	1	12234	100	80	0	0
12052276	六级冲动	4	-1	1	12235	100	80	0	0
12052281	一级天枝	4	-1	1	12240	100	0	80	1
12052282	二级天枝	4	-1	1	12241	100	80	0	0
12052283	三级天枝	4	-1	1	12242	100	90	0	0
12052284	四级天枝	4	-1	1	12243	100	0	0	0
12052285	五级天枝	4	-1	1	12244	100	80	0	0
12052286	六级天枝	4	-1	1	12245	100	80	0	0
12052291	一级铸梭	4	-1	1	12250	100	0	80	1
12052292	二级铸梭	4	-1	1	12251	100	80	0	0
12052293	三级铸梭	4	-1	1	12252	100	90	0	0
12052294	四级铸梭	4	-1	1	12253	100	0	0	0
12052295	五级铸梭	4	-1	1	12254	100	80	0	0
12052296	六级铸梭	4	-1	1	12255	100	80	0	0
12052301	一级灵力	4	-1	1	12260	100	0	80	1
12052302	二级灵力	4	-1	1	12261	100	80	0	0
12052303	三级灵力	4	-1	1	12262	100	90	0	0
12052304	四级灵力	4	-1	1	12263	100	0	0	0
12052305	五级灵力	4	-1	1	12264	100	80	0	0
12052306	六级灵力	4	-1	1	12265	100	80	0	0
12052311	一级光祭	4	-1	1	12270	100	0	80	1
12052312	二级光祭	4	-1	1	12271	100	80	0	0
12052313	三级光祭	4	-1	1	12272	100	90	0	0
12052314	四级光祭	4	-1	1	12273	100	0	0	0
12052315	五级光祭	4	-1	1	12274	100	80	0	0
12052316	六级光祭	4	-1	1	12275	100	80	0	0
12052321	一级大喝	4	-1	1	12400	100	0	0	0
12052322	二级大喝	4	-1	1	12401	100	80	0	0
12052323	三级大喝	4	-1	1	12402	100	90	0	0
12052324	四级大喝	4	-1	1	12403	100	0	0	0
12052325	五级大喝	4	-1	1	12404	100	80	0	0
12052326	六级大喝	4	-1	1	12405	100	80	0	0
12052331	一级致伤	4	-1	1	12410	100	0	0	0
12052332	二级致伤	4	-1	1	12411	100	80	0	0
12052333	三级致伤	4	-1	1	12412	100	90	0	0
12052334	四级致伤	4	-1	1	12413	100	0	0	0
12052335	五级致伤	4	-1	1	12414	100	80	0	0
12052336	六级致伤	4	-1	1	12415	100	80	0	0
12052341	一级恐惧	4	-1	1	12420	100	0	0	0
12052342	二级恐惧	4	-1	1	12421	100	80	0	0
12052343	三级恐惧	4	-1	1	12422	100	90	0	0
12052344	四级恐惧	4	-1	1	12423	100	0	0	0
12052345	五级恐惧	4	-1	1	12424	100	80	0	0
12052346	六级恐惧	4	-1	1	12425	100	80	0	0
12052351	一级无双	4	-1	1	12600	100	0	0	0
12052352	二级无双	4	-1	1	12601	100	80	0	0
12052353	三级无双	4	-1	1	12602	100	90	0	0
12052354	四级无双	4	-1	1	12603	100	0	0	0
12052355	五级无双	4	-1	1	12604	100	80	0	0
12052356	六级无双	4	-1	1	12605	100	80	0	0
12052361	一级无畏	4	-1	1	12610	100	0	0	0
12052362	二级无畏	4	-1	1	12611	100	80	0	0
12052363	三级无畏	4	-1	1	12612	100	90	0	0
12052364	四级无畏	4	-1	1	12613	100	0	0	0
12052365	五级无畏	4	-1	1	12614	100	80	0	0
12052366	六级无畏	4	-1	1	12615	100	80	0	0
12052371	一级勇猛	4	-1	1	12620	100	0	0	0
12052372	二级勇猛	4	-1	1	12621	100	80	0	0
12052373	三级勇猛	4	-1	1	12622	100	90	0	0
12052374	四级勇猛	4	-1	1	12623	100	0	0	0
12052375	五级勇猛	4	-1	1	12624	100	80	0	0
12052376	六级勇猛	4	-1	1	12625	100	80	0	0
12052381	一级致命	4	-1	1	12630	100	0	0	0
12052382	二级致命	4	-1	1	12631	100	80	0	0
12052383	三级致命	4	-1	1	12632	100	90	0	0
12052384	四级致命	4	-1	1	12633	100	0	0	0
12052385	五级致命	4	-1	1	12634	100	80	0	0
12052386	六级致命	4	-1	1	12635	100	80	0	0
12052391	一级幻法	4	-1	1	12640	100	0	0	0
12052392	二级幻法	4	-1	1	12641	100	80	0	0
12052393	三级幻法	4	-1	1	12642	100	90	0	0
12052394	四级幻法	4	-1	1	12643	100	0	0	0
12052395	五级幻法	4	-1	1	12644	100	80	0	0
12052396	六级幻法	4	-1	1	12645	100	80	0	0
12052401	一级强攻	3	-1	1	11170	100	0	0	0
12052402	二级强攻	3	-1	1	11171	100	0	0	0
12052403	三级强攻	3	-1	1	11172	100	0	0	0
12052404	四级强攻	3	-1	1	11173	100	0	0	0
12052405	五级强攻	3	-1	1	11174	100	80	0	0
12052406	六级强攻	3	-1	1	11175	100	80	0	0
12052411	一级瞄准	3	-1	1	11180	100	0	0	0
12052412	二级瞄准	3	-1	1	11181	100	0	0	0
12052413	三级瞄准	3	-1	1	11182	100	0	0	0
12052414	四级瞄准	3	-1	1	11183	100	0	0	0
12052415	五级瞄准	3	-1	1	11184	100	80	0	0
12052416	六级瞄准	3	-1	1	11185	100	80	0	0
12052421	一级施法	3	-1	1	11190	100	0	0	0
12052422	二级施法	3	-1	1	11191	100	0	0	0
12052423	三级施法	3	-1	1	11192	100	0	0	0
12052424	四级施法	3	-1	1	11193	100	0	0	0
12052425	五级施法	3	-1	1	11194	100	80	0	0
12052426	六级施法	3	-1	1	11195	100	80	0	0
12052431	一级强韧	3	-1	1	11130	100	0	0	0
12052432	二级强韧	3	-1	1	11131	100	0	0	0
12052433	三级强韧	3	-1	1	11132	100	0	0	0
12052434	四级强韧	3	-1	1	11133	100	0	0	0
12052435	五级强韧	3	-1	1	11134	100	80	0	0
12052436	六级强韧	3	-1	1	11135	100	80	0	0
12052441	一级杀伤	3	-1	1	11140	100	0	0	0
12052442	二级杀伤	3	-1	1	11141	100	0	0	0
12052443	三级杀伤	3	-1	1	11142	100	0	0	0
12052444	四级杀伤	3	-1	1	11143	100	0	0	0
12052445	五级杀伤	3	-1	1	11144	100	80	0	0
12052446	六级杀伤	3	-1	1	11145	100	80	0	0
12052451	一级悟性	3	-1	1	11150	100	0	0	0
12052452	二级悟性	3	-1	1	11151	100	0	0	0
12052453	三级悟性	3	-1	1	11152	100	0	0	0
12052454	四级悟性	3	-1	1	11153	100	0	0	0
12052455	五级悟性	3	-1	1	11154	100	80	0	0
12052456	六级悟性	3	-1	1	11155	100	80	0	0
12052461	一级活力	3	-1	1	11160	100	0	0	0
12052462	二级活力	3	-1	1	11161	100	0	0	0
12052463	三级活力	3	-1	1	11162	100	0	0	0
12052464	四级活力	3	-1	1	11163	100	0	0	0
12052465	五级活力	3	-1	1	11164	100	80	0	0
12052466	六级活力	3	-1	1	11165	100	80	0	0
12052471	一级狂攻	3	-1	1	11730	100	0	0	0
12052472	二级狂攻	3	-1	1	11731	100	0	0	0
12052473	三级狂攻	3	-1	1	11732	100	0	0	0
12052474	四级狂攻	3	-1	1	11733	100	0	0	0
12052475	五级狂攻	3	-1	1	11734	100	80	0	0
12052476	六级狂攻	3	-1	1	11735	100	80	0	0
12052481	一级精确	3	-1	1	11750	100	0	0	0
12052482	二级精确	3	-1	1	11751	100	0	0	0
12052483	三级精确	3	-1	1	11752	100	0	0	0
12052484	四级精确	3	-1	1	11753	100	0	0	0
12052485	五级精确	3	-1	1	11754	100	80	0	0
12052486	六级精确	3	-1	1	11755	100	80	0	0
12052491	一级精研	3	-1	1	11770	100	0	0	0
12052492	二级精研	3	-1	1	11771	100	0	0	0
12052493	三级精研	3	-1	1	11772	100	0	0	0
12052494	四级精研	3	-1	1	11773	100	0	0	0
12052495	五级精研	3	-1	1	11774	100	80	0	0
12052496	六级精研	3	-1	1	11775	100	80	0	0
12052501	一级狂暴	3	-1	1	11790	100	0	0	0
12052502	二级狂暴	3	-1	1	11791	100	0	0	0
12052503	三级狂暴	3	-1	1	11792	100	0	0	0
12052504	四级狂暴	3	-1	1	11793	100	0	0	0
12052505	五级狂暴	3	-1	1	11794	100	80	0	0
12052506	六级狂暴	3	-1	1	11795	100	80	0	0
12052511	一级免伤	3	-1	1	11651	100	0	0	0
12052512	二级免伤	3	-1	1	11652	100	0	0	0
12052513	三级免伤	3	-1	1	11653	100	0	0	0
12052514	四级免伤	3	-1	1	11654	100	0	0	0
12052515	五级免伤	3	-1	1	11655	100	80	0	0
12052516	六级免伤	3	-1	1	11656	100	80	0	0
12052521	一级灵巧	3	-1	1	11671	100	0	0	0
12052522	二级灵巧	3	-1	1	11672	100	0	0	0
12052523	三级灵巧	3	-1	1	11673	100	0	0	0
12052524	四级灵巧	3	-1	1	11674	100	0	0	0
12052525	五级灵巧	3	-1	1	11675	100	80	0	0
12052526	六级灵巧	3	-1	1	11676	100	80	0	0
12052531	一级热血	3	-1	1	11470	100	0	0	0
12052532	二级热血	3	-1	1	11471	100	0	0	0
12052533	三级热血	3	-1	1	11472	100	0	0	0
12052534	四级热血	3	-1	1	11473	100	0	0	0
12052535	五级热血	3	-1	1	11474	100	80	0	0
12052536	六级热血	3	-1	1	11475	100	80	0	0
12052541	一级淬毒	3	-1	1	11490	100	0	0	0
12052542	二级淬毒	3	-1	1	11491	100	0	0	0
12052543	三级淬毒	3	-1	1	11492	100	0	0	0
12052544	四级淬毒	3	-1	1	11493	100	0	0	0
12052545	五级淬毒	3	-1	1	11494	100	80	0	0
12052546	六级淬毒	3	-1	1	11495	100	80	0	0
12052551	一级伤筋	3	-1	1	11510	100	0	0	0
12052552	二级伤筋	3	-1	1	11511	100	0	0	0
12052553	三级伤筋	3	-1	1	11512	100	0	0	0
12052554	四级伤筋	3	-1	1	11513	100	0	0	0
12052555	五级伤筋	3	-1	1	11514	100	80	0	0
12052556	六级伤筋	3	-1	1	11515	100	80	0	0
12052561	一级击晕	3	-1	1	11530	100	0	0	0
12052562	二级击晕	3	-1	1	11531	100	0	0	0
12052563	三级击晕	3	-1	1	11532	100	0	0	0
12052564	四级击晕	3	-1	1	11533	100	0	0	0
12052565	五级击晕	3	-1	1	11534	100	80	0	0
12052566	六级击晕	3	-1	1	11535	100	80	0	0
12052571	一级狂吼	3	-1	1	11550	100	0	0	0
12052572	二级狂吼	3	-1	1	11551	100	0	0	0
12052573	三级狂吼	3	-1	1	11552	100	0	0	0
12052574	四级狂吼	3	-1	1	11553	100	0	0	0
12052575	五级狂吼	3	-1	1	11554	100	80	0	0
12052576	六级狂吼	3	-1	1	11555	100	80	0	0
12052581	一级沉寂	3	-1	1	11570	100	0	0	0
12052582	二级沉寂	3	-1	1	11571	100	0	0	0
12052583	三级沉寂	3	-1	1	11572	100	0	0	0
12052584	四级沉寂	3	-1	1	11573	100	0	0	0
12052585	五级沉寂	3	-1	1	11574	100	80	0	0
12052586	六级沉寂	3	-1	1	11575	100	80	0	0
12052591	一级定身	3	-1	1	11590	100	0	0	0
12052592	二级定身	3	-1	1	11591	100	0	0	0
12052593	三级定身	3	-1	1	11592	100	0	0	0
12052594	四级定身	3	-1	1	11593	100	0	0	0
12052595	五级定身	3	-1	1	11594	100	80	0	0
12052596	六级定身	3	-1	1	11595	100	80	0	0
12052601	一级裂甲	3	-1	1	12660	100	0	0	0
12052602	二级裂甲	3	-1	1	12661	100	0	0	0
12052603	三级裂甲	3	-1	1	12662	100	0	0	0
12052604	四级裂甲	3	-1	1	12663	100	0	0	0
12052605	五级裂甲	3	-1	1	12664	100	80	0	0
12052606	六级裂甲	3	-1	1	12665	100	80	0	0
12052611	一级盲目	3	-1	1	12680	100	0	0	0
12052612	二级盲目	3	-1	1	12681	100	0	0	0
12052613	三级盲目	3	-1	1	12682	100	0	0	0
12052614	四级盲目	3	-1	1	12683	100	0	0	0
12052615	五级盲目	3	-1	1	12684	100	80	0	0
12052616	六级盲目	3	-1	1	12685	100	80	0	0
12052621	一级破兵	3	-1	1	12700	100	0	0	0
12052622	二级破兵	3	-1	1	12701	100	0	0	0
12052623	三级破兵	3	-1	1	12702	100	0	0	0
12052624	四级破兵	3	-1	1	12703	100	0	0	0
12052625	五级破兵	3	-1	1	12704	100	80	0	0
12052626	六级破兵	3	-1	1	12705	100	80	0	0
12052631	一级集中	3	-1	1	12720	100	0	0	0
12052632	二级集中	3	-1	1	12721	100	0	0	0
12052633	三级集中	3	-1	1	12722	100	0	0	0
12052634	四级集中	3	-1	1	12723	100	0	0	0
12052635	五级集中	3	-1	1	12724	100	80	0	0
12052636	六级集中	3	-1	1	12725	100	80	0	0
12052641	一级无视	3	-1	1	12740	100	0	0	0
12052642	二级无视	3	-1	1	12741	100	0	0	0
12052643	三级无视	3	-1	1	12742	100	0	0	0
12052644	四级无视	3	-1	1	12743	100	0	0	0
12052645	五级无视	3	-1	1	12744	100	80	0	0
12052646	六级无视	3	-1	1	12745	100	80	0	0
12052651	一级冷静	3	-1	1	12760	100	0	0	0
12052652	二级冷静	3	-1	1	12761	100	0	0	0
12052653	三级冷静	3	-1	1	12762	100	0	0	0
12052654	四级冷静	3	-1	1	12763	100	0	0	0
12052655	五级冷静	3	-1	1	12764	100	80	0	0
12052656	六级冷静	3	-1	1	12765	100	80	0	0
12052661	一级怒气	3	-1	1	12780	100	0	0	0
12052662	二级怒气	3	-1	1	12781	100	0	0	0
12052663	三级怒气	3	-1	1	12782	100	0	0	0
12052664	四级怒气	3	-1	1	12783	100	0	0	0
12052665	五级怒气	3	-1	1	12784	100	80	0	0
12052666	六级怒气	3	-1	1	12785	100	80	0	0
12052671	一级精力	3	-1	1	12800	100	0	0	0
12052672	二级精力	3	-1	1	12801	100	0	0	0
12052673	三级精力	3	-1	1	12802	100	0	0	0
12052674	四级精力	3	-1	1	12803	100	0	0	0
12052675	五级精力	3	-1	1	12804	100	80	0	0
12052676	六级精力	3	-1	1	12805	100	80	0	0
12052681	一级箭囊	3	-1	1	12820	100	0	0	0
12052682	二级箭囊	3	-1	1	12821	100	0	0	0
12052683	三级箭囊	3	-1	1	12822	100	0	0	0
12052684	四级箭囊	3	-1	1	12823	100	0	0	0
12052685	五级箭囊	3	-1	1	12824	100	80	0	0
12052686	六级箭囊	3	-1	1	12825	100	80	0	0
12052691	一级弹药	3	-1	1	12840	100	0	0	0
12052692	二级弹药	3	-1	1	12841	100	0	0	0
12052693	三级弹药	3	-1	1	12842	100	0	0	0
12052694	四级弹药	3	-1	1	12843	100	0	0	0
12052695	五级弹药	3	-1	1	12844	100	80	0	0
12052696	六级弹药	3	-1	1	12845	100	80	0	0
12052701	一级法力	3	-1	1	12860	100	0	0	0
12052702	二级法力	3	-1	1	12861	100	0	0	0
12052703	三级法力	3	-1	1	12862	100	0	0	0
12052704	四级法力	3	-1	1	12863	100	0	0	0
12052705	五级法力	3	-1	1	12864	100	80	0	0
12052706	六级法力	3	-1	1	12865	100	80	0	0
12052711	一级圣力	3	-1	1	12880	100	0	0	0
12052712	二级圣力	3	-1	1	12881	100	0	0	0
12052713	三级圣力	3	-1	1	12882	100	0	0	0
12052714	四级圣力	3	-1	1	12883	100	0	0	0
12052715	五级圣力	3	-1	1	12884	100	80	0	0
12052716	六级圣力	3	-1	1	12885	100	80	0	0
12052721	一级天命	4	-1	1	12900	100	0	80	1
12052722	二级天命	4	-1	1	12901	100	80	0	0
12052723	三级天命	4	-1	1	12902	100	90	0	0
12052724	四级天命	4	-1	1	12903	100	0	0	0
12052725	五级天命	4	-1	1	12904	100	80	0	0
12052726	六级天命	4	-1	1	12905	100	80	0	0
12053224	马奶	4	-1	1	11640	100	0	0	0
12054300	还童书	13	-1	-1	-1	-1	0	0	0
12054301	还龙书	15	-1	-1	-1	-1	0	80	0
12055000	潜能点书	14	-1	5	-1	-1	0	0	0
