INT	INT	INT	INT	STRING	STRING	STRING	INT	INT	INT	INT	INT	INT	INT	INT	INT	INT	INT	INT	INT	INT	INT	STRING	STRING	STRING
index	class	type	Medindex	资源	name	说明文字	等级	基本价格	出售价格	适应规则	叠放数量	脚本编号	技能编号	需求技能	需求技能等级	最大持有数量	选择对象类型	是否广播	附加参数类型	参数	消耗量	类型描述	动画帧	颜色
13010000	13	1	0	CJSH_item_chengshuidaoju_1_10	鎏银碗	闪闪发光的银碗，价值不菲。	1	0	0	4	1	-1	-1	-1	-1	-1	4	-1	-1	0	0	任务道具	-1	00ccff
13010001	13	1	1	CJSH_quest_xinjia_1_9	孛儿贴的小马驹	一批红色的小马驹。	1	0	0	4	1	-1	-1	-1	-1	-1	4	-1	-1	0	0	任务道具	-1	00ccff
13010002	13	1	2	CJSH_item_baoshi_3_2	木华黎的礼物	一个包裹。	1	0	0	4	1	-1	-1	-1	-1	-1	4	-1	-1	0	0	任务道具	-1	00ccff
13010003	13	1	3	CJSH_quest_xinjia_1_9	木华黎和扎木合的礼物	两个包裹。	1	0	0	4	1	-1	-1	-1	-1	-1	4	-1	-1	0	0	任务道具	-1	00ccff
13010004	13	1	4	CJSH_quest_xinjia_1_9	银狐尾巴	毛绒绒的。	1	0	0	4	10	-1	-1	-1	-1	-1	4	-1	-1	0	0	任务道具	-1	00ccff
13010005	13	1	5	CJSH_quest_xinjia_1_9	三人的礼物	三个包裹。	1	0	0	4	1	-1	-1	-1	-1	-1	4	-1	-1	0	0	任务道具	-1	00ccff
13010006	13	1	6	CJSH_quest_xinjia_1_9	木华黎的礼物	一个雕像。	1	0	0	4	1	-1	-1	-1	-1	-1	4	-1	-1	0	0	任务道具	-1	00ccff
13010007	13	1	7	CJSH_quest_xinjia_1_9	扎木合的礼物	一颗珍珠。	1	0	0	4	1	-1	-1	-1	-1	-1	4	-1	-1	0	0	任务道具	-1	00ccff
13010008	13	1	8	CJSH_quest_xinjia_1_9	扎木合的礼物	一颗珍珠。	1	0	0	4	1	-1	-1	-1	-1	-1	4	-1	-1	0	0	任务道具	-1	00ccff
13010018	13	1	18	CJSH_quest_xinjia_1_9	塔塔尔情报	一份折叠起来的情报，上面还有斑斑血迹。	1	0	0	4	1	-1	-1	-1	-1	-1	4	-1	-1	0	0	任务道具	-1	00ccff
13010019	13	1	19	CJSH_item_yaofen_1_5	药草包	军中常用的药草包，散发着淡淡的中药味。	1	0	0	4	1	-1	-1	-1	-1	-1	4	-1	-1	0	0	任务道具	-1	00ccff
13010020	13	1	20	CJSH_quest_xinjia_1_9	泻药	一包泻药，看起来分量不少。	1	0	0	4	1	-1	-1	-1	-1	-1	4	-1	-1	0	0	任务道具	-1	00ccff
13010021	13	1	21	CJSH_quest_xinjia_1_9	焰火	中原常见的喜庆焰火。	1	0	0	4	1	-1	-1	-1	-1	-1	4	-1	-1	0	0	任务道具	-1	00ccff
13010022	13	1	22	CJSH_quest_xinjia_1_9	火雷弹	乌黑的一个小罐子，掂起来沉甸甸的。	1	0	0	4	1	-1	-1	-1	-1	-1	4	-1	-1	0	0	任务道具	-1	00ccff
13010023	13	1	23	CJSH_equip_gong_1_2	铁胎弓	乌黑发亮的一把弓，可以看出把手处略微有些磨损。	1	0	0	4	1	-1	-1	-1	-1	-1	4	-1	-1	0	0	任务道具	-1	00ccff
13010024	13	1	24	CJSH_equip_jianzhi_1_6	穿云箭	看不出整支箭是用什么做成的，握在手里竟然会隐隐发热。	1	0	0	4	1	-1	-1	-1	-1	-1	4	-1	-1	0	0	任务道具	-1	00ccff
13010025	13	1	25	CJSH_quest_xinjia_1_9	密信	一封火漆密封着的信，不知道里面写了些什么。	1	0	0	4	1	-1	-1	-1	-1	-1	4	-1	-1	0	0	任务道具	-1	00ccff
13010026	13	1	26	CJSH_quest_xinjia_1_9	炮弹	乌黑发亮的圆形炮弹。	1	0	0	4	1	-1	-1	-1	-1	-1	4	-1	-1	0	0	任务道具	-1	00ccff
13010027	13	1	27	CJSH_quest_xinjia_1_9	银狼	一只通体雪白的狼，据说是塔塔尔人的圣兽。	1	0	0	4	1	-1	-1	-1	-1	-1	4	-1	-1	0	0	任务道具	-1	00ccff
13010028	13	1	28	CJSH_equip_dao_1_7	金刀	闪亮的金刀，通体金色，刀柄处雕刻着古朴的图案。	1	0	0	4	1	-1	-1	-1	-1	-1	4	-1	-1	0	0	任务道具	-1	00ccff
13010029	13	1	29	CJSH_equip_gong_1_1	郭靖的弓箭	乌木制的短弓闪闪发光，箭尾的羽毛均为黑色。	1	0	0	4	1	-1	-1	-1	-1	-1	4	-1	-1	0	0	任务道具	-1	00ccff
13010030	13	1	30	CJSH_equip_jianzhi_1_1	乌羽箭	据拖雷说这支箭和早晨射伤铁木真的箭是一样的。	1	0	0	4	1	-1	-1	-1	-1	-1	4	-1	-1	0	0	任务道具	-1	00ccff
13010031	13	1	31	CJSH_equip_dao_1_1	木华黎的弯刀	精铁打造而成。	1	0	0	4	1	-1	-1	-1	-1	-1	4	-1	-1	0	0	任务道具	-1	00ccff
13010032	13	1	32	CJSH_item_maopi_1_1	破损的狼皮	一些地方有破损。	1	0	0	4	5	-1	-1	-1	-1	-1	4	-1	-1	0	0	任务道具	-1	00ccff
13010033	13	1	33	CJSH_item_xiangzi_1_2	银狐围脖	古朴的红木箱子，里面装着珍贵的银狐围脖是铁木真与孛儿贴定情信物。	1	0	0	4	1	-1	-1	-1	-1	-1	4	-1	-1	0	0	任务道具	-1	00ccff
13010034	13	1	34	CJSH_item_bupi_1_3	雪猿王的毛皮	做衣服上等的材料。	1	0	0	4	1	-1	-1	-1	-1	-1	4	-1	-1	0	0	任务道具	-1	00ccff
13010035	13	1	35	CJSH_quest_rentou_1_4	濒死的蔑里岂人	已经奄奄一息，并且很重。	1	0	0	4	10	-1	-1	-1	-1	-1	4	-1	-1	0	0	任务道具	-1	00ccff
13010036	13	1	36	CJSH_item_yanhua_1_1	铁木真的烟花	为铁木真的安达指明方向。	1	0	0	6	1	400002	-1	-1	-1	-1	4	-1	-1	0	0	任务道具	-1	00ccff
13010037	13	1	37	CJSH_equip_jianzhi_1_1	乌羽箭	铁木真在乞颜部场景赠送你的箭支，它曾射伤国铁木真。	1	0	0	4	1	-1	-1	-1	-1	-1	4	-1	-1	0	0	任务道具	-1	00ccff
13010038	13	1	38	CJSH_quest_rongqi_1_3	灌满的水囊	装满了从灵泉取来的灵水。	1	0	0	4	1	-1	-1	-1	-1	-1	4	-1	-1	0	0	任务道具	-1	00ccff
13010039	13	1	39	CJSH_item_baoshi_3_6	星流石	从泰赤乌巨人那里夺来的。	1	0	0	4	1	-1	-1	-1	-1	-1	4	-1	-1	0	0	任务道具	-1	00ccff
13010040	13	1	40	CJSH_item_grass_1_4	七星草	生长在危险的地方。	1	0	0	4	10	-1	-1	-1	-1	-1	4	-1	-1	0	0	任务道具	-1	00ccff
13010050	13	1	50	CJSH_quest_xinjia_1_9	任务测试	任务测试	1	0	0	4	100	-1	-1	-1	-1	-1	1	-1	-1	0	0	任务道具	-1	00ccff
13010051	13	1	51	CJSH_item_huizhang_1_3	乃蛮部萨满的法器	一只白鹿在上面。	1	0	0	4	10	-1	-1	-1	-1	-1	4	-1	-1	0	0	任务道具	-1	00ccff
13010052	13	1	52	CJSH_item_grass_1_8	无名花	豁儿赤要用它配药。	1	0	0	4	1	-1	-1	-1	-1	-1	4	-1	-1	0	0	任务道具	-1	00ccff
13010053	13	1	53	CJSH_equip_fazhang_1_5	白鹿杖	草原王者的象征。	1	0	0	4	1	-1	-1	-1	-1	-1	4	-1	-1	0	0	任务道具	-1	00ccff
13010054	13	1	54	CJSH_quest_rentou_1_1	苍狼将军的头	还滴着血！	1	0	0	4	1	-1	-1	-1	-1	-1	4	-1	-1	0	0	任务道具	-1	00ccff
13010055	13	1	55	CJSH_quest_rentou_1_10	昏迷的桑昆	比上次背的奴隶还重！	1	0	0	4	1	-1	-1	-1	-1	-1	4	-1	-1	0	0	任务道具	-1	00ccff
13010082	13	1	82	CJSH_quest_mabian_1_1	赤蛇鞭	赤蛇鞭	1	0	0	4	100	-1	-1	-1	-1	-1	4	-1	-1	0	0	任务道具	-1	00ccff
13010083	13	1	83	CJSH_item_kuangshi_2_8	伊娃之泪	晶莹剔透，闪闪发光，似乎蕴含了巨大的能量。	1	0	0	4	100	-1	-1	-1	-1	-1	1	-1	-1	0	0	任务道具	-1	00ccff
13010084	13	1	84	CJSH_item_maopi_1_1	银狼皮	闪闪发亮的银狼皮，摸上去十分柔软	1	0	0	4	100	-1	-1	-1	-1	-1	4	-1	-1	0	0	任务道具	-1	00ccff
13010085	13	1	85	CJSH_equip_jianzhi_1_1	箭矢	作工精良的箭支，有着镔铁打制的箭头。	1	0	0	4	100	-1	-1	-1	-1	-1	4	-1	-1	0	0	任务道具	-1	00ccff
13010086	13	1	86	CJSH_quest_zawu_1_9	塔塔尔上衣	一件常见的塔塔尔士兵上衣	1	0	0	4	100	-1	-1	-1	-1	-1	4	-1	-1	0	0	任务道具	-1	00ccff
13010087	13	1	87	CJSH_quest_zawu_1_9	塔塔尔皮裤	一件常见的塔塔尔士兵皮裤	1	0	0	4	100	-1	-1	-1	-1	-1	4	-1	-1	0	0	任务道具	-1	00ccff
13010088	13	1	88	CJSH_quest_zawu_1_9	塔塔尔皮盔	一顶常见的塔塔尔士兵皮盔	1	0	0	4	100	-1	-1	-1	-1	-1	4	-1	-1	0	0	任务道具	-1	00ccff
13010089	13	1	89	CJSH_quest_xinjia_1_9	塔塔尔左营秘药	乌黑的小瓶子，散发着淡淡的药香。上面刻着一个“左”字。	1	0	0	4	100	-1	-1	-1	-1	-1	4	-1	-1	0	0	任务道具	-1	00ccff
13010090	13	1	90	CJSH_quest_xinjia_1_9	塔塔尔右营秘药	乌黑的小瓶子，散发着淡淡的药香。上面刻着一个“右”字。	1	0	0	4	100	-1	-1	-1	-1	-1	4	-1	-1	0	0	任务道具	-1	00ccff
13010091	13	1	91	CJSH_item_maopi_1_1	雪人皮	光洁发亮的雪人皮，摸上去柔软光滑。	1	0	0	4	100	-1	-1	-1	-1	-1	4	-1	-1	0	0	任务道具	-1	00ccff
13010092	13	1	92	CJSH_equip_xianglian_1_8	金钗	金钗顶端镶嵌着一粒珍珠，钗身上刻着凤凰。	1	0	0	4	1	-1	-1	-1	-1	-1	4	-1	-1	0	0	任务道具	-1	00ccff
13010093	13	1	93	CJSH_item_chengshuidaoju_1_10	鎏银碗	这是一只古色古香的鎏银碗，碗沿上雕刻有狩猎的场面。	1	0	0	4	1	-1	-1	-1	-1	-1	4	-1	-1	0	0	任务道具	-1	00ccff
13010094	13	1	94	CJSH_quest_qiguan_1_6	银狐尾	闪闪发亮的银狐尾巴，一看就是制作皮衣的上好材料。	1	0	0	4	100	-1	-1	-1	-1	-1	4	-1	-1	0	0	任务道具	-1	00ccff
13010095	13	1	94	CJSH_equip_yifu_1_7	蔑里岂皮甲	一套皮甲，上好的牛皮制成，虽然看起来有些陈旧，但是依然很结实。	1	0	0	4	1	-1	-1	-1	-1	-1	4	-1	-1	0	0	任务道具	-1	00ccff
13010096	13	1	94	CJSH_equip_dao_1_1	蔑里岂腰刀	闪着寒光的弯刀，刀柄处缠着趁手的布条。	1	0	0	4	1	-1	-1	-1	-1	-1	4	-1	-1	0	0	任务道具	-1	00ccff
13010097	13	1	94	CJSH_equip_shipin_1_6	玉佩	玉佩上刻着古朴的花纹，据说是木华黎的祖母留给他的。	1	0	0	4	1	-1	-1	-1	-1	-1	4	-1	-1	0	0	任务道具	-1	00ccff
13010098	13	1	94	CJSH_equip_xianglian_1_5	纯银头饰	纯银打造的头花，用精巧的银丝编出了百鸟朝凤的情景。	1	0	0	4	1	-1	-1	-1	-1	-1	4	-1	-1	0	0	任务道具	-1	00ccff
13010099	13	1	94	CJSH_item_xiangzi_1_2	银狐围脖	柔软的银狐围脖，看上去就很温暖。	1	0	0	4	1	-1	-1	-1	-1	-1	4	-1	-1	0	0	任务道具	-1	00ccff
13010100	13	1	100	CJSH_item_maopi_1_1	幼银狼皮	银狼幼崽的皮毛，可做御寒之物。	1	0	0	4	10	-1	-1	-1	-1	-1	4	-1	-1	0	0	任务道具	-1	00ccff
13010101	13	1	101	CJSH_equip_dao_1_1	乌黑的腰刀	一把精致的腰刀，一面刻着“靖”字，另一面刻着“大金赵王府”。	1	0	0	4	10	-1	-1	-1	-1	-1	4	-1	-1	0	0	任务道具	-1	00ccff
13010102	13	1	102	CJSH_quest_xinjia_1_1	包惜弱的信	包惜弱的信件，信封上用小楷，写着“康儿亲启”四个字。	1	0	0	4	10	-1	-1	-1	-1	-1	4	-1	-1	0	0	任务道具	-1	00ccff
13010103	13	1	103	CJSH_quest_zawu_1_2	完颜康的令牌	完颜康的令牌，可自由出入金营。	1	0	0	4	10	-1	-1	-1	-1	-1	4	-1	-1	0	0	任务道具	-1	00ccff
13010104	13	1	104	CJSH_quest_zawu_1_2	金军虎符	调动居庸关金朝兵马的虎符，纯金所制，狮纽银印，上刻有金无角龙。	1	0	0	4	10	-1	-1	-1	-1	-1	4	-1	-1	0	0	任务道具	-1	00ccff
13010105	13	1	105	CJSH_equip_maozi_1_4	西夏毡帽	西夏人经常戴的毡帽。	1	0	0	4	10	-1	-1	-1	-1	-1	4	-1	-1	0	0	任务道具	-1	00ccff
13010106	13	1	106	CJSH_item_grass_1_11	金国特产	金国的特产，贿赂上司必备。	1	0	0	4	10	-1	-1	-1	-1	-1	4	-1	-1	0	0	任务道具	-1	00ccff
13010107	13	3	107	CJSH_item_liangshi_1_2	军用物资	军队里常用的物资。	1	0	0	4	10	-1	-1	-1	-1	-1	-1	-1	-1	0	0	任务道具	-1	00ccff
13010108	13	3	108	CJSH_item_jinshuding_1_2	搜刮来的财宝	金军从各地搜刮来到财富。	1	0	0	4	10	-1	-1	-1	-1	-1	-1	-1	-1	0	0	任务道具	-1	00ccff
13010109	13	1	109	CJSH_item_liangshi_1_2	蒙古军需	蒙古大军所用的军需物资。	1	0	0	4	10	-1	-1	-1	-1	-1	4	-1	-1	0	0	任务道具	-1	00ccff
13010110	13	1	110	CJSH_item_shujuan_1_5	信件	木华黎所写，表达对阔阔出的崇敬。	1	0	0	4	10	-1	-1	-1	-1	-1	4	-1	-1	0	0	任务道具	-1	00ccff
13010111	13	1	111	CJSH_quest_rongqi_1_7	圣水	阔阔出祝福过的山泉，据说可以治愈伤痛。	1	0	0	4	10	-1	-1	-1	-1	-1	4	-1	-1	0	0	任务道具	-1	00ccff
13010112	13	1	112	CJSH_item_yaowan_1_1	金疮药	治疗外伤的良药。	1	0	0	4	10	-1	-1	-1	-1	-1	4	-1	-1	0	0	任务道具	-1	00ccff
13010113	13	1	113	CJSH_item_shujuan_1_1	铁木真的亲笔信	铁木真表达和札木合安答之情的信件。	1	0	0	4	10	-1	-1	-1	-1	-1	4	-1	-1	0	0	任务道具	-1	00ccff
13010114	13	1	114	CJSH_equip_maozi_1_10	乃蛮部盔甲	乃蛮部是全蒙古文明程度最高的部落，他们的盔甲制作精良。	1	0	0	4	10	-1	-1	-1	-1	-1	4	-1	-1	0	0	任务道具	-1	00ccff
13010115	13	1	115	CJSH_item_huizhang_1_3	战神大旗	神秘的战无不胜之旗，拥有者拥有全蒙古。	1	0	0	4	10	-1	-1	-1	-1	-1	4	-1	-1	0	0	任务道具	-1	00ccff
13010116	13	1	116	CJSH_item_zipian_1_2	作战计划图	哲别绘制的作战图。	1	0	0	4	10	-1	-1	-1	-1	-1	4	-1	-1	0	0	任务道具	-1	00ccff
13010117	13	1	117	CJSH_equip_maozi_1_5	克烈部皮帽	克烈部士兵所用的皮帽，保暖性很好。	1	0	0	4	10	-1	-1	-1	-1	-1	4	-1	-1	0	0	任务道具	-1	00ccff
13010118	13	1	118	CJSH_equip_haojiao_1_8	塔塔尔部皮鞭	塔塔尔部人所用的皮鞭。	1	0	0	4	10	-1	-1	-1	-1	-1	4	-1	-1	0	0	任务道具	-1	00ccff
13010119	13	1	119	CJSH_item_kuangshi_2_13	高山玉石	产自高山上的玉石，温软滑润。	1	0	0	4	10	-1	-1	-1	-1	-1	4	-1	-1	0	0	任务道具	-1	00ccff
13010120	13	1	120	CJSH_equip_dao_1_1	郭靖的腰刀	作战用的腰刀。	1	0	0	4	10	-1	-1	-1	-1	-1	4	-1	-1	0	0	任务道具	-1	00ccff
13010121	13	1	120	CJSH_item_xiangzi_1_1	新兵装备	王国为每位新兵发放的必备物品。	1	0	0	4	10	-1	-1	-1	-1	-1	4	-1	-1	0	0	任务道具	-1	00ccff
13010122	13	1	120	CJSH_item_xiangzi_1_1	新兵装备	王国为每位新兵发放的必备物品。#G（右键点击打开）	1	0	0	6	10	203400	-1	-1	-1	-1	4	-1	-1	0	0	任务道具	-1	00ccff
#	国家任务																		-1	0	0		-1	
13011001	13	2	99	CJSH_item_zhipian_1_6	飞鸽信	送信专用信件	1	0	0	4	99	-1	-1	-1	-1	-1	-1	-1	-1	0	0	任务道具	-1	00ccff
13011002	13	3	3	CJSH_quest_zawu_1_3	戒指	穆林老师送给不死婆婆的礼物	1	0	0	4	99	-1	-1	-1	-1	-1	-1	-1	-1	0	0	任务道具	-1	00ccff
13011003	13	3	3	CJSH_quest_zawu_1_3	五色花	神圣的五色话	1	0	0	4	1	-1	51	-1	-1	-1	-1	-1	-1	0	0	任务道具	-1	00ccff
13011004	13	3	3	CJSH_quest_zawu_1_3	宝箱	神秘的宝箱	1	0	0	4	1	-1	-1	-1	-1	-1	-1	-1	-1	0	0	任务道具	-1	00ccff
13011005	13	3	3	Han2_Item_Shixiang_1_1	灰色图腾	古老的灰色图腾，上面充满神圣的气息。	1	0	0	4	30	-1	-1	-1	-1	-1	-1	-1	-1	0	0	任务道具	-1	00ccff
13011006	13	3	3	CJSH_item_zipian_1_4	密报	敌国机密的情报	1	0	0	4	1	-1	-1	-1	-1	-1	-1	-1	-1	0	0	任务道具	-1	00ccff
13011007	13	3	3	CJSH_item_wanfa_1_2	甘草	异国杀怪任务物品	1	0	0	4	1	-1	-1	-1	-1	-1	-1	-1	-1	0	0	任务道具	-1	00ccff
13011008	13	3	3	CJSH_item_wanfa_1_3	珍贵药材	弱国任务任务物品	1	0	0	4	1	-1	-1	-1	-1	-1	-1	-1	-1	0	0	任务道具	-1	00ccff
13011009	13	3	3	CJSH_quest_zawu_1_2	将军令	敌国刺杀任务物品	1	0	0	4	1	-1	-1	-1	-1	-1	-1	-1	-1	0	0	任务道具	-1	00ccff
13011010	13	3	3	CJSH_item_wanfa_1_5	白色丝线	寻找红绳任务物品	1	0	0	4	1	-1	-1	-1	-1	-1	-1	-1	-1	0	0	任务道具	-1	00ccff
13011011	13	3	3	CJSH_item_wanfa_1_6	红色颜料	寻找红绳任务物品	1	0	0	4	1	-1	-1	-1	-1	-1	-1	-1	-1	0	0	任务道具	-1	00ccff
13011012	13	3	3	CJSH_item_wanfa_1_4	红绳	结婚信物	1	0	0	4	1	-1	-1	-1	-1	-1	-1	-1	-1	0	0	任务道具	-1	00ccff
13011500	13	1	3	CJSH_item_add_0_10	苹果	刚摘下来的苹果，看起来很甜。	1	0	0	4	99	-1	-1	-1	-1	-1	-1	-1	-1	0	0	任务道具	-1	00ccff
13011501	13	1	3	CJSH_quest_zawu_1_3	海螺	能听到海的声音。	1	0	0	4	99	-1	-1	-1	-1	-1	-1	-1	-1	0	0	任务道具	-1	00ccff
13011502	13	1	3	CJSH_quest_zawu_1_3	铁锹	矿工剩下的铁锹。	1	0	0	4	99	-1	-1	-1	-1	-1	-1	-1	-1	0	0	任务道具	-1	00ccff
13011503	13	1	3	CJSH_quest_zawu_1_3	神针	传说中仙人落下的神针，不知道有什么作用。	1	0	0	4	99	-1	-1	-1	-1	-1	-1	-1	-1	0	0	任务道具	-1	00ccff
13011504	13	1	3	CJSH_quest_zawu_1_3	火蜥蜴之尾	听说可以治风湿。	1	0	0	4	99	-1	-1	-1	-1	-1	-1	-1	-1	0	0	任务道具	-1	00ccff
13011505	13	1	3	CJSH_item_add_0_11	玉米	游牧民族重要的食粮。	1	0	0	4	99	-1	-1	-1	-1	-1	-1	-1	-1	0	0	任务道具	-1	00ccff
13011506	13	1	3	CJSH_item_grass_1_8	野花	平凡的野花。	1	0	0	4	99	-1	-1	-1	-1	-1	-1	-1	-1	0	0	任务道具	-1	00ccff
13011507	13	1	3	CJSH_quest_zawu_1_3	稻草	随处可见的稻草。	1	0	0	4	99	-1	-1	-1	-1	-1	-1	-1	-1	0	0	任务道具	-1	00ccff
13011508	13	1	3	CJSH_item_xiangzi_1_1	黑箱子	不可思议的黑色箱子。	1	0	0	4	99	-1	-1	-1	-1	-1	-1	-1	-1	0	0	任务道具	-1	00ccff
13011509	13	1	3	CJSH_quest_zawu_1_3	红箱子	不可思议的红色箱子。	1	0	0	4	99	-1	-1	-1	-1	-1	-1	-1	-1	0	0	任务道具	-1	00ccff
13011510	13	1	3	CJSH_quest_zawu_1_3	皮球	不知从哪里出现的皮球。	1	0	0	4	99	-1	-1	-1	-1	-1	-1	-1	-1	0	0	任务道具	-1	00ccff
13011511	13	1	3	CJSH_quest_zawu_1_3	冰晶	闪烁七彩光芒的冰晶石。	1	0	0	4	99	-1	-1	-1	-1	-1	-1	-1	-1	0	0	任务道具	-1	00ccff
13011600	13	1	3	CJSH_item_zhipian_1_6	信件	委托你转交的信件，还是不要打开看的好。	1	0	0	4	99	-1	-1	-1	-1	-1	-1	-1	-1	0	0	任务道具	-1	00ccff
13011601	13	1	3	CJSH_quest_zawu_1_4	军粮	军用粮草	1	0	0	4	99	-1	-1	-1	-1	-1	-1	-1	-1	0	0	任务道具	-1	00ccff
13011602	13	3	3	Han2_Item_Shixiang_1_10	褐色图腾	古老的褐色图腾，上面充满神圣的气息。	1	0	0	4	30	-1	-1	-1	-1	-1	-1	-1	-1	0	0	任务道具	-1	00ccff
13011603	13	3	3	CJSH_item_huizhang_2_2	恶魔面具	血色的面具，上面充满邪恶的气息。	1	0	0	4	1	-1	-1	-1	-1	-1	-1	-1	-1	0	0	任务道具	-1	00ccff
13011604	13	3	3	Han2_Item_Shixiang_1_9	橙色图腾	古老的橙色图腾，上面充满神圣的气息。	1	0	0	4	30	-1	-1	-1	-1	-1	-1	-1	-1	0	0	任务道具	-1	00ccff
13011605	13	3	3	Han2_Item_Shixiang_1_5	青色图腾	古老的青色图腾，上面充满神圣的气息。	1	0	0	4	30	-1	-1	-1	-1	-1	-1	-1	-1	0	0	任务道具	-1	00ccff
13011606	13	3	3	Han2_Item_Shixiang_1_7	绿色图腾	古老的绿色图腾，上面充满神圣的气息。	1	0	0	4	30	-1	-1	-1	-1	-1	-1	-1	-1	0	0	任务道具	-1	00ccff
13011607	13	3	3	Han2_Item_Shixiang_1_5	蓝色图腾	古老的蓝色图腾，上面充满神圣的气息。	1	0	0	4	30	-1	-1	-1	-1	-1	-1	-1	-1	0	0	任务道具	-1	00ccff
#	童趣																		-1	0	0		-1	
#	童趣使用																		-1	0	0		-1	
13011700	13	1	3	CJSH_quest_zawu_1_3	风筝	风筝是用来飞的	1	0	0	6	1	413201	-1	-1	-1	-1	4	-1	-1	0	0	任务道具	-1	00ccff
13011701	13	1	3	CJSH_quest_zawu_1_3	呼啦圈	呼啦圈是用来转的	1	0	0	6	1	413199	-1	-1	-1	-1	4	-1	-1	0	0	任务道具	-1	00ccff
13011702	13	1	3	CJSH_quest_zawu_1_3	陀螺	陀螺是用来抽的	1	0	0	6	1	413199	-1	-1	-1	-1	4	-1	-1	0	0	任务道具	-1	00ccff
13011703	13	1	3	CJSH_quest_zawu_1_3	跳绳	跳绳是用来跳的	1	0	0	6	1	413199	-1	-1	-1	-1	4	-1	-1	0	0	任务道具	-1	00ccff
13011704	13	1	3	CJSH_quest_zawu_1_3	毽子	毽子是用来踢的	1	0	0	6	1	413199	-1	-1	-1	-1	4	-1	-1	0	0	任务道具	-1	00ccff
13011705	13	1	3	CJSH_quest_zawu_1_3	竹蜻蜓	竹蜻蜓是用来飞的	1	0	0	6	1	413199	-1	-1	-1	-1	4	-1	-1	0	0	任务道具	-1	00ccff
13011706	13	1	3	CJSH_quest_zawu_1_3	鞭泡	鞭炮是用来放的	1	0	0	6	1	413200	-1	-1	-1	-1	4	-1	-1	0	0	任务道具	-1	00ccff
13011707	13	1	3	CJSH_quest_zawu_1_3	肥皂水	肥皂水是用来吹的	1	0	0	6	1	413202	-1	-1	-1	-1	4	-1	-1	0	0	任务道具	-1	00ccff
13011708	13	1	3	CJSH_quest_zawu_1_3	纸船	纸船是用来放的	1	0	0	6	1	413203	-1	-1	-1	-1	4	-1	-1	0	0	任务道具	-1	00ccff
13011709	13	1	3	CJSH_quest_zawu_1_3	歌谱	歌谱是用来唱的	1	0	0	6	1	413199	-1	-1	-1	-1	4	-1	-1	0	0	任务道具	-1	00ccff
13011710	13	1	3	CJSH_quest_zawu_1_3	岗哨	岗哨是用来吹的	1	0	0	6	1	413199	-1	-1	-1	-1	4	-1	-1	0	0	任务道具	-1	00ccff
13011711	13	1	3	CJSH_quest_zawu_1_3	木马	木马是用来S……骑的	1	0	0	6	1	413199	-1	-1	-1	-1	4	-1	-1	0	0	任务道具	-1	00ccff
#	童趣采集																		-1	0	0		-1	
13011750	13	1	3	CJSH_item_add_0_10	苹果	生长在马蜂窝附近的红色的苹果#r#Y成分：#r蜂蜜：52%#r纤维：30%#rThe Pain：18%#W	1	0	0	4	99	-1	-1	-1	-1	-1	-1	-1	-1	0	0	任务道具	-1	00ccff
13011751	13	1	3	CJSH_quest_zawu_1_3	南瓜	邻家农田的南瓜#r#Y成分：#r水：22%#r脂肪：53%#r龙宫使之泪：25%#W	1	0	0	4	99	-1	-1	-1	-1	-1	-1	-1	-1	0	0	任务道具	-1	00ccff
13011752	13	1	3	CJSH_item_grass_1_8	鲜花	路边随处可见的小红花#r#Y成分：#r苏丹红：32%#r叶绿素：45%#r天地凝精：23%#W	1	0	0	4	99	-1	-1	-1	-1	-1	-1	-1	-1	0	0	任务道具	-1	00ccff
13011753	13	1	3	CJSH_quest_zawu_1_3	鸡蛋	邻家母鸡的鸡蛋#r#Y成分：#r蛋清：60%#r蛋黄：33%#r防弹蛋壳：7%#W	1	0	0	4	99	-1	-1	-1	-1	-1	-1	-1	-1	0	0	任务道具	-1	00ccff
13011754	13	1	3	CJSH_quest_zawu_1_3	西瓜	邻家田地的西瓜#r#Y成分：#r鲜果肉：71%#r糖：28%#r葫芦娃之素：1%#W	1	0	0	4	99	-1	-1	-1	-1	-1	-1	-1	-1	0	0	任务道具	-1	00ccff
13011755	13	1	3	CJSH_quest_zawu_1_3	弹弓子	可以当弹弓子的橡树果#r#Y成分：#r木材：61%#r果实：22%#r复仇者之魂：17%#W	1	0	0	4	99	-1	-1	-1	-1	-1	-1	-1	-1	0	0	任务道具	-1	00ccff
13011756	13	1	3	CJSH_quest_zawu_1_3	蚯蚓	雨天过后遍地爬行的蚯蚓#r#Y成分：#r软组织关节：55%#r头：30%#r治愈结界：15%#W	1	0	0	4	99	-1	-1	-1	-1	-1	-1	-1	-1	0	0	任务道具	-1	00ccff
13011757	13	1	3	CJSH_quest_zawu_1_3	馒头	贡台上的馒头#r#Y成分：#r面：90%#r气孔：9%#r肉：1%#W	1	0	0	4	99	-1	-1	-1	-1	-1	-1	-1	-1	0	0	任务道具	-1	00ccff
#	童趣捕捉																		-1	0	0		-1	
13011800	13	1	3	CJSH_wanfa_add_0_9	蛇	蛇#r#Y攻击力：23#r防御力：19#r敏捷：33#r资质：31#r属性：水#r#r#R特殊技：水汪眼#W	1	0	0	4	99	-1	-1	-1	-1	-1	-1	-1	-1	0	0	任务道具	-1	00ccff
13011801	13	1	3	CJSH_wanfa_add_0_8	蛤蟆	蛤蟆#r#Y攻击力：20#r防御力：13#r敏捷：45#r资质：22#r属性：火#r#r#R特殊技：赤瞳波纹#W	1	0	0	4	99	-1	-1	-1	-1	-1	-1	-1	-1	0	0	任务道具	-1	00ccff
13011802	13	1	3	CJSH_Monster_touxiang_2_14	蜘蛛	蜘蛛#r#Y攻击力：17#r防御力：24#r敏捷：18#r资质：26#r属性：木#r#r#R特殊技：龙啸落叶斩#W	1	0	0	4	99	-1	-1	-1	-1	-1	-1	-1	-1	0	0	任务道具	-1	00ccff
13011803	13	1	3	CJSH_Add_0_11	斑翅麻雀	群居的守卫者――斑翅麻雀#r#Y攻击力：13#r防御力：15#r敏捷：30#r资质：20#r属性：风#r#r#R特殊技：凤翼天翔#W	1	0	0	4	99	-1	-1	-1	-1	-1	-1	-1	-1	0	0	任务道具	-1	00ccff
13011804	13	1	3	CJSH_Add_0_13	白翅蝴蝶	美丽的暗毒杀手――白翅蝴蝶#r#Y攻击力：40#r防御力：-3#r敏捷：15#r资质：42#r属性：毒#r#r#R特殊技：神蛊毒灭散#W	1	0	0	4	99	-1	-1	-1	-1	-1	-1	-1	-1	0	0	任务道具	-1	00ccff
13011805	13	1	3	CJSH_Monster_touxiang_8_15	剪刀手螳螂	孤独的双刀客――剪刀手螳螂#r#Y攻击力：52#r防御力：25#r敏捷：32#r资质：0#r属性：无#r#r#R特殊技：居合斩――断津迷航#W	1	0	0	4	99	-1	-1	-1	-1	-1	-1	-1	-1	0	0	任务道具	-1	00ccff
13011806	13	1	3	CJSH_Add_0_12	粘液毛毛虫	完全没有作用的虫子――粘液毛毛虫#r#Y攻击力：？？#r防御力：？？#r敏捷：？？#r资质：？？#r属性：？？#r#r#R特殊技：上古邪神召唤――蚩尤临世#W	1	0	0	4	99	-1	-1	-1	-1	-1	-1	-1	-1	0	0	任务道具	-1	00ccff
#	童趣送信																		-1	0	0		-1	
13011850	13	1	3	CJSH_quest_zawu_1_3	鸡毛信	军机秘文！	1	0	0	4	1	-1	-1	-1	-1	-1	-1	-1	-1	0	0	任务道具	-1	00ccff
13011851	13	1	3	CJSH_quest_zawu_1_3	哈达	献给英雄的哈达	1	0	0	4	1	-1	-1	-1	-1	-1	-1	-1	-1	0	0	任务道具	-1	00ccff
13011852	13	1	3	CJSH_quest_zawu_1_3	鲜花	献给英雄的鲜花	1	0	0	4	1	-1	-1	-1	-1	-1	-1	-1	-1	0	0	任务道具	-1	00ccff
#	小兵速成																		-1	0	0		-1	
13012000	13	3	3	CJSH_item_zhipian_1_6	军官委托证	军官委托证	1	0	0	6	1	413130	-1	-1	-1	-1	-1	-1	-1	0	0	任务道具	-1	00ccff
#	张科用	13013000	13019999																					
13013000	13	1	3	CJSH_item_common_1_4	仙灵玉石	罕见的宝石，散发出奇异光彩	1	0	0	4	1	-1	-1	-1	-1	-1	4	-1	-1	0	0	任务道具	-1	00ccff
13013001	13	1	3	CJSH_item_common_1_1	仙灵光石	罕见的宝石，散发出奇异光彩	1	0	0	4	1	-1	-1	-1	-1	-1	4	-1	-1	0	0	任务道具	-1	00ccff
13013002	13	1	3	CJSH_item_common_1_5	仙灵彩石	罕见的宝石，散发出奇异光彩	1	0	0	4	1	-1	-1	-1	-1	-1	4	-1	-1	0	0	任务道具	-1	00ccff
13013003	13	1	3	CJSH_item_common_1_2	仙灵暗石	罕见的宝石，散发出奇异光彩	1	0	0	4	1	-1	-1	-1	-1	-1	4	-1	-1	0	0	任务道具	-1	00ccff
13013004	13	1	3	CJSH_item_common_1_3	仙灵玄石	罕见的宝石，散发出奇异光彩	1	0	0	4	1	-1	-1	-1	-1	-1	4	-1	-1	0	0	任务道具	-1	00ccff
13013100	13	1	3	CJSH_wanfa_add_1_16	珍宝皮毛	草原三宝之一，价值不菲	1	0	0	4	150	-1	-1	-1	-1	-1	4	-1	-1	0	0	任务道具	-1	00ccff
13013101	13	1	3	CJSH_wanfa_add_1_15	明目胆汁	草原三宝之一，入药的最好选择	1	0	0	4	150	-1	-1	-1	-1	-1	4	-1	-1	0	0	任务道具	-1	00ccff
13013102	13	1	3	CJSH_wanfa_add_1_14	血玉骨	草原三宝之一，可以雕琢为各种工艺品	1	0	0	4	150	-1	-1	-1	-1	-1	4	-1	-1	0	0	任务道具	-1	00ccff
13013103	13	1	3	CJSH_quest_yihai_1_4	兵士骸骨	古战场中盘桓的孤魂所遗留下来的古物，是战士们怨念的结晶。	1	0	0	4	150	-1	-1	-1	-1	-1	4	-1	-1	0	0	任务道具	-1	00ccff
13013104	13	1	3	CJSH_item_common_1_8	听音海螺	古战场中盘桓的孤魂所遗留下来的古物，是战士们怨念的结晶。	1	0	0	4	150	-1	-1	-1	-1	-1	4	-1	-1	0	0	任务道具	-1	00ccff
13013300	13	1	3	CJSH_item_common_2_4	始耀结晶	始耀的结晶，散发的谱法不可解读	1	0	0	6	1	310021	-1	-1	-1	-1	4	-1	-1	0	0	任务道具	-1	00ccff
13013301	13	1	3	CJSH_item_common_2_2	理耀结晶	理耀的结晶，散发的谱法不可解读	1	0	0	6	1	310021	-1	-1	-1	-1	4	-1	-1	0	0	任务道具	-1	00ccff
13013302	13	1	3	CJSH_item_common_2_3	命耀结晶	命耀的结晶，散发的谱法不可解读	1	0	0	6	1	310021	-1	-1	-1	-1	4	-1	-1	0	0	任务道具	-1	00ccff
13013303	13	1	3	CJSH_item_common_2_1	化耀结晶	化耀的结晶，散发的谱法不可解读	1	0	0	6	1	310021	-1	-1	-1	-1	4	-1	-1	0	0	任务道具	-1	00ccff
13013304	13	1	3	CJSH_item_common_2_5	灭耀结晶	灭耀的结晶，散发的谱法不可解读	1	0	0	6	1	310021	-1	-1	-1	-1	4	-1	-1	0	0	任务道具	-1	00ccff
13013500	13	1	3	CJSH_item_common_2_13	真视眼镜	使用真视眼镜便可看到平常难以被发现的小动物	1	0	0	6	1	300322	-1	-1	-1	-1	4	-1	-1	0	0	任务道具	-1	00ccff
13013501	13	1	3	CJSH_item_common_1_7	传送指轮	它具有神奇的力量，可以通过它进行瞬间移动	1	0	0	6	1	300323	-1	-1	-1	-1	4	-1	-1	0	0	任务道具	-1	00ccff
#	张科好友任务																							
13013600	13	2	3	CJSH_item_yanhua_1_1	好友烟花	象征两人友谊的烟花。	1	0	0	6	1	300781	-1	-1	-1	-1	4	-1	-1	0	0	任务道具	-1	00ccff
13013700	13	1	3	CJSH_item_grass_1_8	互爱之花	象征好友之间互相相爱的花。	1	0	0	4	1	-1	-1	-1	-1	-1	-1	-1	-1	0	0	任务道具	-1	00ccff
13013701	13	1	3	CJSH_item_grass_1_8	互助之花	象征好友之间互相帮助的花。	1	0	0	4	1	-1	-1	-1	-1	-1	-1	-1	-1	0	0	任务道具	-1	00ccff
13013702	13	1	3	CJSH_item_grass_1_8	互补之花	象征好友之间互相补足的花。	1	0	0	4	1	-1	-1	-1	-1	-1	-1	-1	-1	0	0	任务道具	-1	00ccff
13013703	13	1	3	CJSH_item_grass_1_8	互谅之花	象征好友之间互相体谅的花。	1	0	0	4	1	-1	-1	-1	-1	-1	-1	-1	-1	0	0	任务道具	-1	00ccff
13013704	13	1	3	CJSH_item_grass_1_8	互戒之花	象征好友之间互相提戒的花。	1	0	0	4	1	-1	-1	-1	-1	-1	-1	-1	-1	0	0	任务道具	-1	00ccff
13013705	13	1	3	CJSH_item_grass_1_8	互习之花	象征好友之间互相学习的花。	1	0	0	4	1	-1	-1	-1	-1	-1	-1	-1	-1	0	0	任务道具	-1	00ccff
13013800	13	2	3	CJSH_item_zhipian_1_6	友谊地久天长之信	封面上写有友谊地久天长的信件。	1	0	0	4	1	-1	-1	-1	-1	-1	-1	-1	-1	0	0	任务道具	-1	00ccff
#	张科引导任务																							
13015000	13	1	3	CJSH_wanfa_add_1_11	优质马鬃	良马的鬃毛，可以用于制作工艺品	1	0	0	6	1	-1	-1	-1	-1	-1	4	-1	-1	0	0	任务道具	-1	00ccff
13015001	13	1	3	CJSH_wanfa_add_1_9	九叶灵芝	拥有九个叶子的奇异灵芝	1	0	0	6	1	-1	-1	-1	-1	-1	4	-1	-1	0	0	任务道具	-1	00ccff
13015002	13	1	3	CJSH_wanfa_add_1_10	精锐徽章	实力的印证，代表精锐的徽章	1	0	0	6	5	-1	-1	-1	-1	-1	4	-1	-1	0	0	任务道具	-1	00ccff
13015003	13	1	3	CJSH_wanfa_add_1_5	龙堡明珠	蓝龙城堡中的夜明珠	1	0	0	6	5	-1	-1	-1	-1	-1	4	-1	-1	0	0	任务道具	-1	00ccff
13015004	13	1	3	CJSH_wanfa_add_1_12	灰蟹巨螯	灰蟹的巨大前鳌	1	0	0	6	5	-1	-1	-1	-1	-1	4	-1	-1	0	0	任务道具	-1	00ccff
13015005	13	1	3	CJSH_wanfa_add_1_6	恶灵眼	独眼恶灵的眼睛	1	0	0	6	1	-1	-1	-1	-1	-1	4	-1	-1	0	0	任务道具	-1	00ccff
13015006	13	1	3	CJSH_wanfa_add_1_2	河眼石碑	刻有无法识别的符文的石碑	1	0	0	6	1	-1	-1	-1	-1	-1	4	-1	-1	0	0	任务道具	-1	00ccff
13015007	13	1	3	CJSH_wanfa_add_1_4	蜻蜓翅膀	巨型蜻蜓的翅膀	1	0	0	6	5	-1	-1	-1	-1	-1	4	-1	-1	0	0	任务道具	-1	00ccff
13015008	13	1	3	CJSH_wanfa_add_1_8	恐鸟长嘴	恐鸟的喙，坚硬锐利	1	0	0	6	5	-1	-1	-1	-1	-1	4	-1	-1	0	0	任务道具	-1	00ccff
13015009	13	1	3	CJSH_wanfa_add_1_7	剑龙之角	剑龙的尖角，看起来十分结实	1	0	0	6	5	-1	-1	-1	-1	-1	4	-1	-1	0	0	任务道具	-1	00ccff
13015010	13	1	3	CJSH_wanfa_add_1_3	翼龙长爪	翼龙的长爪，拥有异常的抓力	1	0	0	6	5	-1	-1	-1	-1	-1	4	-1	-1	0	0	任务道具	-1	00ccff
13015011	13	1	3	CJSH_wanfa_add_1_1	明心之晶	带在身上可以明心静气的至宝	1	0	0	6	1	-1	-1	-1	-1	-1	4	-1	-1	0	0	任务道具	-1	00ccff
13015012	13	1	3	CJSH_wanfa_add_1_16	鱼翅	鲜嫩的鱼翅，其肉质肥嫩，可以用来食用	1	0	0	10	50	-1	-1	-1	-1	-1	4	-1	-1	0	0	任务道具	-1	00ccff
#	春雷用	13020000	13029999																					
13020000	13	2	0	CJSH_item_xiangzi_1_1	被盗的物资	被盗的物资	1	0	0	4	5	-1	-1	-1	-1	-1	4	-1	-1	0	0	任务道具	-1	00ccff
13020001	13	2	1	CJSH_quest_zawu_1_3	扩展仓库	扩展仓库	1	0	0	4	5	-1	-1	-1	-1	-1	4	-1	-1	0	0	任务道具	-1	00ccff
13020002	13	2	2	CJSH_quest_rongqi_1_3	空的水囊	去灵泉去接灵水。	1	0	0	6	1	400003	-1	-1	-1	-1	4	-1	-1	0	0	任务道具	-1	00ccff
13020003	13	2	3	CJSH_item_yanhua_1_1	铁木真的烟花	为铁木真的安达指明方向。	1	0	0	6	1	400002	-1	-1	-1	-1	4	-1	-1	0	0	任务道具	-1	00ccff
13020004	13	2	4	CJSH_equip_mazhang_1_1	马掌	为秦杨到钧窑窑口处打造。	1	0	0	6	1	400006	-1	-1	-1	-1	4	-1	-1	0	0	任务道具	-1	00ccff
13020005	13	2	5	CJSH_item_grass_1_10	木合草	传说由札木合死后所化，幼时青青如翠，可以食用。但长大以后浑身是刺，牛不吃，马不啃。萨满祭司可用其来占卜未来。	1	0	0	4	5	-1	-1	-1	-1	-1	4	-1	-1	0	0	任务道具	-1	00ccff
13020006	13	2	6	CJSH_item_grass_1_3	芨芨草	一种草药，对灵芝牧场的瘟疫有奇效。	1	0	0	4	5	-1	-1	-1	-1	-1	4	-1	-1	0	0	任务道具	-1	00ccff
13020007	13	2	7	CJSH_item_xiangzi_1_1	黑灵珠	黑灵珠	1	0	0	4	1	-1	-1	-1	-1	-1	4	-1	-1	0	0	任务道具	-1	00ccff
13020008	13	2	8	CJSH_item_xiangzi_1_1	乌羽令	乌羽令	1	0	0	4	1	-1	-1	-1	-1	-1	4	-1	-1	0	0	任务道具	-1	00ccff
13020009	13	2	9	CJSH_item_xiangzi_1_1	黑钻	黑钻	1	0	0	4	1	-1	-1	-1	-1	-1	4	-1	-1	0	0	任务道具	-1	00ccff
13020010	13	2	10	CJSH_item_xiangzi_1_1	使团的物资	使团的物资	1	0	0	4	5	-1	-1	-1	-1	-1	4	-1	-1	0	0	任务道具	-1	00ccff
13020011	13	2	11	CJSH_equip_jianzhi_1_1	浪漫神箭	浪漫神箭	1	0	0	4	1	-1	-1	-1	-1	-1	4	-1	-1	0	0	任务道具	-1	00ccff
13020012	13	2	12	CJSH_equip_jianzhi_1_1	兄弟神箭	兄弟神箭	1	0	0	4	1	-1	-1	-1	-1	-1	4	-1	-1	0	0	任务道具	-1	00ccff
13020013	13	2	13	CJSH_equip_jianzhi_1_1	复仇神箭	复仇神箭	1	0	0	4	1	-1	-1	-1	-1	-1	4	-1	-1	0	0	任务道具	-1	00ccff
13020014	13	2	14	CJSH_equip_jianzhi_1_1	容忍神箭	容忍神箭	1	0	0	4	1	-1	-1	-1	-1	-1	4	-1	-1	0	0	任务道具	-1	00ccff
13020015	13	2	15	CJSH_equip_jianzhi_1_1	英雄神箭	英雄神箭	1	0	0	4	1	-1	-1	-1	-1	-1	4	-1	-1	0	0	任务道具	-1	00ccff
13020016	13	2	16	CJSH_equip_jianzhi_1_1	智慧神箭	智慧神箭	1	0	0	4	1	-1	-1	-1	-1	-1	4	-1	-1	0	0	任务道具	-1	00ccff
13020017	13	2	17	CJSH_equip_jianzhi_1_1	荣誉神箭	荣誉神箭	1	0	0	4	1	-1	-1	-1	-1	-1	4	-1	-1	0	0	任务道具	-1	00ccff
13020018	13	2	18	CJSH_equip_jianzhi_1_1	悲痛神箭	悲痛神箭	1	0	0	4	1	-1	-1	-1	-1	-1	4	-1	-1	0	0	任务道具	-1	00ccff
13020019	13	2	19	CJSH_equip_jianzhi_1_1	光荣神箭	光荣神箭	1	0	0	4	1	-1	-1	-1	-1	-1	4	-1	-1	0	0	任务道具	-1	00ccff
13020020	13	2	20	CJSH_equip_jianzhi_1_1	裂金神箭	裂金神箭	1	0	0	4	1	-1	-1	-1	-1	-1	4	-1	-1	0	0	任务道具	-1	00ccff
13020021	13	2	21	CJSH_equip_jianzhi_1_1	真情神箭	真情神箭	1	0	0	4	1	-1	-1	-1	-1	-1	4	-1	-1	0	0	任务道具	-1	00ccff
13020022	13	2	22	CJSH_equip_jianzhi_1_1	信仰神箭	信仰神箭	1	0	0	4	1	-1	-1	-1	-1	-1	4	-1	-1	0	0	任务道具	-1	00ccff
13020023	13	2	23	CJSH_equip_jianzhi_1_1	预兆神箭	预兆神箭	1	0	0	4	1	-1	-1	-1	-1	-1	4	-1	-1	0	0	任务道具	-1	00ccff
13020024	13	2	24	CJSH_equip_jianzhi_1_1	悲歌神箭	悲歌神箭	1	0	0	4	1	-1	-1	-1	-1	-1	4	-1	-1	0	0	任务道具	-1	00ccff
13020025	13	2	25	CJSH_equip_jianzhi_1_1	仇恨神箭	仇恨神箭	1	0	0	4	1	-1	-1	-1	-1	-1	4	-1	-1	0	0	任务道具	-1	00ccff
13020026	13	2	26	CJSH_equip_jianzhi_1_1	战神神箭	战神神箭	1	0	0	4	1	-1	-1	-1	-1	-1	4	-1	-1	0	0	任务道具	-1	00ccff
13020027	13	2	27	CJSH_equip_jianzhi_1_1	西征神箭	西征神箭	1	0	0	4	1	-1	-1	-1	-1	-1	4	-1	-1	0	0	任务道具	-1	00ccff
13020028	13	2	28	CJSH_equip_jianzhi_1_1	命运神箭	命运神箭	1	0	0	4	1	-1	-1	-1	-1	-1	4	-1	-1	0	0	任务道具	-1	00ccff
13020029	13	2	29	CJSH_equip_jianzhi_1_1	波兰神箭	波兰神箭	1	0	0	4	1	-1	-1	-1	-1	-1	4	-1	-1	0	0	任务道具	-1	00ccff
13020030	13	2	30	CJSH_equip_jianzhi_1_1	匈牙利神箭	匈牙利神箭	1	0	0	4	1	-1	-1	-1	-1	-1	4	-1	-1	0	0	任务道具	-1	00ccff
13020031	13	2	31	CJSH_equip_jianzhi_1_1	福冈神箭	福冈神箭	1	0	0	4	1	-1	-1	-1	-1	-1	4	-1	-1	0	0	任务道具	-1	00ccff
13020032	13	2	32	CJSH_equip_jianzhi_1_1	苏门答腊神箭	苏门答腊神箭	1	0	0	4	1	-1	-1	-1	-1	-1	4	-1	-1	0	0	任务道具	-1	00ccff
13020100	13	2	100	CJSH_quest_xinjia_1_8	褶皱的黑羽密信	右键点击打开	1	0	0	6	1	400200	-1	-1	-1	-1	4	-1	-1	0	0	任务道具	-1	00ccff
13020101	13	2	101	CJSH_quest_xinjia_1_8	沾有血迹的黑羽密信	右键点击打开	1	0	0	6	1	400201	-1	-1	-1	-1	4	-1	-1	0	0	任务道具	-1	00ccff
13020102	13	2	102	CJSH_quest_xinjia_1_8	浸湿的黑羽密信	右键点击打开	1	0	0	6	1	400202	-1	-1	-1	-1	4	-1	-1	0	0	任务道具	-1	00ccff
13020200	13	2	200	CJSH_item_xiangzi_1_5	一箱补给品	箱子正面有一个猪腿的标志，不知道里边装的是什么……	1	0	0	4	5	-1	-1	-1	-1	-1	4	-1	-1	0	0	任务道具	-1	00ccff
13020201	13	2	201	CJSH_item_wanfa_1_1	风干的牛肉	深红的颜色，看起来很有食欲的样子，不过似乎有点咯牙……	1	0	0	4	3	-1	-1	-1	-1	-1	4	-1	-1	0	0	任务道具	-1	00ccff
13020202	13	2	202	CJSH_quest_rentou_1_4	巴里斯的头颅	从表情看起来，死的时候没有感到什么痛苦……	1	0	0	4	1	-1	-1	-1	-1	-1	4	-1	-1	0	0	任务道具	-1	00ccff
13020203	13	2	203	CJSH_quest_xinjia_1_5	作战计划书	火漆封着的一封信，不知道里边写的什么。	1	0	0	4	1	-1	-1	-1	-1	-1	4	-1	-1	0	0	任务道具	-1	00ccff
13020204	13	2	204	CJSH_skill_add_0_2	罗盘针	黄铜打造的仪器，看起来很精致，还有蟠龙的雕纹。	1	0	0	4	1	-1	-1	-1	-1	-1	4	-1	-1	0	0	任务道具	-1	00ccff
13020205	13	2	205	CJSH_quest_xinjia_1_8	航海图	一张发黄的羊皮纸，画着一条船和一些虚线。	1	0	0	4	1	-1	-1	-1	-1	-1	4	-1	-1	0	0	任务道具	-1	00ccff
13020206	13	2	206	CJSH_quest_rongqi_1_9	圣水瓶	一个白色的瓶子，似乎没有什么特别。	1	0	0	6	1	400212	-1	-1	-1	-1	4	-1	-1	0	0	任务道具	-1	00ccff
13020207	13	2	207	CJSH_item_hongyao_1_1	恐鸟之血	一块很硬的深红色的凝血，有点像中国的鸡血石。	1	0	0	4	3	-1	-1	-1	-1	-1	4	-1	-1	0	0	任务道具	-1	00ccff
13020208	13	2	208	CJSH_item_grass_1_12	幸运三叶草	长有三片叶子的一株草，传说它有神奇的力量，会给持有者带来幸运。	1	0	0	4	3	-1	-1	-1	-1	-1	4	-1	-1	0	0	任务道具	-1	00ccff
13020209	13	2	209	CJSH_item_lvyao_1_3	圣者之泪	一种能够解除石化魔法的神奇药剂，据说是一位法师为了破除某些黑暗魔法发明的。	1	0	0	4	1	-1	-1	-1	-1	-1	4	-1	-1	0	0	任务道具	-1	00ccff
13020210	13	2	210	CJSH_item_grass_1_8	五色花	一种神奇的花朵，具有强大的通灵力量，五种颜色的花瓣代表了世间的五种元素。	1	0	0	4	1	-1	-1	-1	-1	-1	4	-1	-1	0	0	任务道具	-1	00ccff
13020211	13	2	211	CJSH_skill_player_3_15	蓝冥神灯	其中充满了极寒的力量，据说是北极之神的东西。	1	0	0	4	1	-1	-1	-1	-1	-1	4	-1	-1	0	0	任务道具	-1	00ccff
13020212	13	2	212	CJSH_item_baoshi_3_3	灵魂水晶	如果配合拜火教的另一样圣物使用，可以将一个人的灵魂放在其中，供持有者使用。	1	0	0	6	1	400213	-1	-1	-1	-1	4	-1	-1	0	0	任务道具	-1	00ccff
13020213	13	2	213	CJSH_item_baoshi_3_3	灵魂水晶	如果配合拜火教的另一样圣物使用，可以将一个人的灵魂放在其中，供持有者使用。	1	0	0	4	1	-1	-1	-1	-1	-1	4	-1	-1	0	0	任务道具	-1	00ccff
13020214	13	2	214	CJSH_quest_rongqi_1_9	灌满的圣水瓶	一个白色的瓶子，灌满了水。	1	0	0	4	1	-1	-1	-1	-1	-1	4	-1	-1	0	0	任务道具	-1	00ccff
13020215	13	2	215	CJSH_item_zahuo_1_3	火漆密信	上面还沾满了血迹。	1	0	0	4	1	-1	-1	-1	-1	-1	4	-1	-1	0	0	任务道具	-1	00ccff
13020216	13	2	216	CJSH_equip_shipin_1_1	猫眼饰坠	村长和公主联络的信物。	1	0	0	4	1	-1	-1	-1	-1	-1	4	-1	-1	0	0	任务道具	-1	00ccff
13020217	13	2	217	CJSH_item_shujuan_1_1	空竹密信	从草堆里找出来，真不知道如果羊不小心把它吃了该怎么办。	1	0	0	4	1	-1	-1	-1	-1	-1	4	-1	-1	0	0	任务道具	-1	00ccff
13020218	13	2	218	CJSH_item_common_1_9	乾元珠	一颗透明的珠子，有金光在其中若隐若现。	1	0	0	4	1	-1	-1	-1	-1	-1	4	-1	-1	0	0	任务道具	-1	00ccff
13020219	13	2	219	CJSH_item_kuangshi_1_15	赤色土壤	真不知道普通的泥土怎么会变成这个颜色。	1	0	0	4	1	-1	-1	-1	-1	-1	4	-1	-1	0	0	任务道具	-1	00ccff
13020220	13	2	220	CJSH_ridskill_6_1	黑蹄巨牛腿	足有30斤的重量。	1	0	0	4	1	-1	-1	-1	-1	-1	4	-1	-1	0	0	任务道具	-1	00ccff
13020221	13	2	221	CJSH_item_xiangzi_1_4	冰心鉴	一个密封的匣子，摸起来很凉。	1	0	0	4	1	-1	-1	-1	-1	-1	4	-1	-1	0	0	任务道具	-1	00ccff
13020222	13	2	222	CJSH_quest_mabian_1_1	抛杆	回回炮上重要的部件。	1	0	0	4	5	-1	-1	-1	-1	-1	4	-1	-1	0	0	任务道具	-1	00ccff
13020223	13	2	223	CJSH_skill_player_4_14	残破的佛头	看起来年代很久远。	1	0	0	4	5	-1	-1	-1	-1	-1	4	-1	-1	0	0	任务道具	-1	00ccff
13020224	13	2	224	CJSH_item_baoshi_5_2	荧光玉	在夜晚会发出淡淡荧光。	1	0	0	4	1	-1	-1	-1	-1	-1	4	-1	-1	0	0	任务道具	-1	00ccff
13020225	13	2	225	CJSH_item_common_1_9	乾元珠	一颗透明的珠子，有金光在其中若隐若现。	1	0	0	6	1	400215	-1	-1	-1	-1	4	-1	-1	0	0	任务道具	-1	00ccff
13020226	13	2	226	CJSH_item_bupi_1_4	蓝色毛皮	幽冥鬼狐的背皮，传说中拿着它就能看到另一个世界的东西。	1	0	0	4	3	-1	-1	-1	-1	-1	4	-1	-1	0	0	任务道具	-1	00ccff
13020227	13	2	227	CJSH_item_grass_1_2	灵狐草	一种仙草，有了它可以和鬼沟通。	1	0	0	4	2	-1	-1	-1	-1	-1	4	-1	-1	0	0	任务道具	-1	00ccff
13020228	13	2	228	CJSH_item_zahuo_1_5	海螺	魂音海螺，人的魂魄所留下的声音。	1	0	0	4	1	-1	-1	-1	-1	-1	4	-1	-1	0	0	任务道具	-1	00ccff
13020229	13	2	229	CJSH_equip_jian_1_7	魔剑	剑锋上透出红光，隐藏着很大的煞气。	1	0	0	4	1	-1	-1	-1	-1	-1	4	-1	-1	0	0	任务道具	-1	00ccff
13020230	13	2	230	CJSH_item_juqing_1	野猪肉	巨大的一块野猪肉，足够几户人吃一天。	1	0	0	4	5	-1	-1	-1	-1	-1	4	-1	-1	0	0	任务道具	-1	00ccff
13020231	13	2	231	CJSH_item_baoshi_5_4	熊胆	在大都可以卖一个好价钱。	1	0	0	4	3	-1	-1	-1	-1	-1	4	-1	-1	0	0	任务道具	-1	00ccff
13020232	13	2	232	CJSH_item_maopi_1_1	黑山羊皮	大都的商贩经常来收购这种毛皮。	1	0	0	4	5	-1	-1	-1	-1	-1	4	-1	-1	0	0	任务道具	-1	00ccff
13020233	13	2	233	CJSH_item_zahuo_1_2	公牛角	据说这种角可以用来制药。	1	0	0	4	3	-1	-1	-1	-1	-1	4	-1	-1	0	0	任务道具	-1	00ccff
13020234	13	2	234	CJSH_item_grass_1_3	龙胆草	部落中萨满常用的药材。	1	0	0	4	5	-1	-1	-1	-1	-1	4	-1	-1	0	0	任务道具	-1	00ccff
13020300	13	2	300	CJSH_item_xiangzi_1_5	黑木盒	刻有波斯花纹，你试着打开它，但却没有办法打开。	1	0	0	4	1	-1	-1	-1	-1	-1	4	-1	-1	0	0	任务道具	-1	00ccff
13020301	13	2	301	CJSH_quest_rongqi_1_5	明教玉瓶	一个精美的玉质水瓶。	1	0	0	6	1	400203	-1	-1	-1	-1	4	-1	-1	0	0	任务道具	-1	00ccff
13020302	13	2	302	CJSH_quest_rongqi_1_5	灌满的玉瓶	灌满了清澈的河水！	1	0	0	4	1	-1	-1	-1	-1	-1	4	-1	-1	0	0	任务道具	-1	00ccff
13020303	13	2	303	CJSH_item_baoshi_3_4	坤离丹	从大蛇坤离头上取下的蛇丹。	1	0	0	4	1	-1	-1	-1	-1	-1	4	-1	-1	0	0	任务道具	-1	00ccff
13020304	13	2	304	CJSH_item_grass_1_12	甘草根	发出清香，入口有淡淡的甜味。	1	0	0	4	5	-1	-1	-1	-1	-1	4	-1	-1	0	0	任务道具	-1	00ccff
13020305	13	2	305	CJSH_item_yaofen_3_1	坤离散	明教急需的解药！	1	0	0	4	1	-1	-1	-1	-1	-1	4	-1	-1	0	0	任务道具	-1	00ccff
13020306	13	2	306	CJSH_item_add_0_5	绿色烟花	巨鲸帮与波斯明教约好进攻的信号。	1	0	0	6	1	400204	-1	-1	-1	-1	4	-1	-1	0	0	任务道具	-1	00ccff
13020307	13	2	307	CJSH_equip_shipin_2_4	圣火令	金色，看不出是什么材料制成，背面刻有波斯文。	1	0	0	4	1	-1	-1	-1	-1	-1	4	-1	-1	0	0	任务道具	-1	00ccff
13020308	13	2	308	CJSH_item_xiangzi_1_4	铁琴印	一块巴掌大的铁琴，琴虽小但拨动琴弦依然会发出动听的声音。	1	0	0	4	1	-1	-1	-1	-1	-1	4	-1	-1	0	0	任务道具	-1	00ccff
13020309	13	2	309	CJSH_quest_rongqi_1_1	杜康	不用掀开盖子就可以闻到浓浓的酒香！	1	0	0	6	1	400205	-1	-1	-1	-1	4	-1	-1	0	0	任务道具	-1	00ccff
13020310	13	2	310	CJSH_item_grass_1_9	鹿茸	一种稀有的药材！	1	0	0	4	1	-1	-1	-1	-1	-1	4	-1	-1	0	0	任务道具	-1	00ccff
13020311	13	2	311	CJSH_item_shuji_1_3	太极图	黑白。	1	0	0	4	1	-1	-1	-1	-1	-1	4	-1	-1	0	0	任务道具	-1	00ccff
13020312	13	2	312	CJSH_equip_xianglian_2_11	翡翠项链	一个精致的翡翠项链。	1	0	0	4	1	-1	-1	-1	-1	-1	4	-1	-1	0	0	任务道具	-1	00ccff
13020313	13	2	313	CJSH_item_zhipian_1_6	张生手札	信中写到：月色溶溶夜，花阴寂寂春；如何临皓魄，不见月中人？	1	0	0	4	1	-1	-1	-1	-1	-1	4	-1	-1	0	0	任务道具	-1	00ccff
13020314	13	2	314	CJSH_quest_rongqi_1_1	女儿红	一小坛女儿红。	1	0	0	6	1	400206	-1	-1	-1	-1	4	-1	-1	0	0	任务道具	-1	00ccff
13020315	13	2	315	CJSH_item_zhipian_1_6	莺莺书信	信中写道：兰闺久寂寞，无事度芳春；料得行吟者，应怜长叹人。	1	0	0	4	1	-1	-1	-1	-1	-1	4	-1	-1	0	0	任务道具	-1	00ccff
13020316	13	2	316	CJSH_equip_xianglian_2_13	玉蝴蝶	一块蝴蝶型的玉佩。	1	0	0	4	1	-1	-1	-1	-1	-1	4	-1	-1	0	0	任务道具	-1	00ccff
13020317	13	2	317	CJSH_equip_shangyi_2_13	女装	红娘让你给张生带去的一套女装。	1	0	0	4	1	-1	-1	-1	-1	-1	4	-1	-1	0	0	任务道具	-1	00ccff
13020318	13	2	318	CJSH_quest_rongqi_1_2	青瓷碗	青花纹饰色泽纯正艳丽，釉里红彩同样色泽纯正，且具浮雕效果。	1	0	0	6	1	400207	-1	-1	-1	-1	4	-1	-1	0	0	任务道具	-1	00ccff
13020319	13	2	319	CJSH_quest_rongqi_1_2	灌满的青瓷碗	装满了河水，在月光下可映出月亮。	1	0	0	4	1	-1	-1	-1	-1	-1	4	-1	-1	0	0	任务道具	-1	00ccff
13020320	13	2	320	CJSH_equip_xianglian_1_8	红线	金光闪烁，一看就知道绝不是凡物。	1	0	0	4	1	-1	-1	-1	-1	-1	4	-1	-1	0	0	任务道具	-1	00ccff
13020321	13	2	321	CJSH_Add_1_11	裂开的铜镜	铜镜中间裂开了一条细纹。	1	0	0	4	1	-1	-1	-1	-1	-1	4	-1	-1	0	0	任务道具	-1	00ccff
13020322	13	2	322	CJSH_Add_1_12	补好的铜镜	已经被巫山道人修补好了。	1	0	0	4	1	-1	-1	-1	-1	-1	4	-1	-1	0	0	任务道具	-1	00ccff
13020323	13	2	323	CJSH_item_shuji_1_4	西厢记	右键点击打开	1	0	0	4	1	-1	-1	-1	-1	-1	4	-1	-1	0	0	任务道具	-1	00ccff
13020324	13	2	324	CJSH_item_baoshi_3_13	水玉	晶莹剔透的晶体！	1	0	0	6	1	400208	-1	-1	-1	-1	4	-1	-1	0	0	任务道具	-1	00ccff
13020325	13	2	325	CJSH_Monster_touxiang_6_11	红焖田鸡	曾经它们还可以跳起来，但现在它们只能借助筷子跳了。	1	0	0	6	1	400210	-1	-1	-1	-1	4	-1	-1	0	0	任务道具	-1	00ccff
13020326	13	2	326	CJSH_skill_qishe_1_15	渔网	黄道婆用蛛丝制成，拥有特殊的神力！	1	0	0	6	1	400209	-1	-1	-1	-1	4	-1	-1	0	0	任务道具	-1	00ccff
13020327	13	2	327	CJSH_quest_rongqi_1_4	一桶剩饭	各种剩菜参合在一起，看起来十分恶心。	1	0	0	4	1	-1	-1	-1	-1	-1	4	-1	-1	0	0	任务道具	-1	00ccff
13020328	13	2	328	CJSH_item_huizhang_3_2	珍珠翡翠白玉汤	看起来比一桶剩饭还恶心！味道的威力更是巨大。	1	0	0	4	1	-1	-1	-1	-1	-1	4	-1	-1	0	0	任务道具	-1	00ccff
13020329	13	2	329	CJSH_item_huizhang_3_2	蛛王的丝囊	一个特大号的丝囊！	1	0	0	4	1	-1	-1	-1	-1	-1	4	-1	-1	0	0	任务道具	-1	00ccff
13020400	13	2	329	CJSH_item_huizhang_3_2	苍狼牙	这颗牙足以刺穿任何盔甲！	1	0	0	4	1	-1	-1	-1	-1	-1	4	-1	-1	0	0	任务道具	-1	00ccff
13020401	13	2	329	CJSH_item_zhipian_1_6	一封密信	上面写满了金国文字，丘真人应该能读得懂！	1	0	0	4	1	-1	-1	-1	-1	-1	4	-1	-1	0	0	任务道具	-1	00ccff
13020410	13	2	410	CJSH_quest_rentou_1_7	勇士遗骸	应该把他们带回故乡！	1	0	0	4	5	-1	-1	-1	-1	-1	4	-1	-1	0	0	任务道具	-1	00ccff
13020411	13	2	411	CJSH_item_xiangzi_1_5	穆斯林的箱子	很重！里面装满了各种典籍。	1	0	0	4	5	-1	-1	-1	-1	-1	4	-1	-1	0	0	任务道具	-1	00ccff
13020412	13	2	412	CJSH_item_zhipian_1_6	大汗告示	有愿随成吉思汗东归蒙古草原者大汗绝不抛下！	1	0	0	6	1	400216	-1	-1	-1	-1	4	-1	-1	0	0	任务道具	-1	00ccff
13020413	13	2	413	CJSH_item_zahuo_1_4	寒铁铲	只有用它才能解开桃花阵！	1	0	0	4	1	-1	-1	-1	-1	-1	4	-1	-1	0	0	任务道具	-1	00ccff
13020414	13	2	414	CJSH_wanfa_add_5_3	桃木根	拥有神奇的力量。	1	0	0	4	4	-1	-1	-1	-1	-1	4	-1	-1	0	0	任务道具	-1	00ccff
13020415	13	2	415	CJSH_equip_gu_2_4	奇怪的鼓	耶律婉容说敲响它会有意想不到的效果。	1	0	0	6	1	400217	-1	-1	-1	-1	4	-1	-1	0	0	任务道具	-1	00ccff
13020416	13	2	416	CJSH_item_xiangzi_1_1	木匣子	里面装着阿克蓉姬的头。	1	0	0	4	1	-1	-1	-1	-1	-1	4	-1	-1	0	0	任务道具	-1	00ccff
13020417	13	2	417	CJSH_item_lvyao_1_1	蟾酥	用来配制醉生梦死。	1	0	0	4	5	-1	-1	-1	-1	-1	4	-1	-1	0	0	任务道具	-1	00ccff
13020418	13	2	418	CJSH_item_packet_1_13	耶律婉容的包裹	耶律婉容准备好的给拓跋羯的包裹。	1	0	0	4	1	-1	-1	-1	-1	-1	4	-1	-1	0	0	任务道具	-1	00ccff
13020419	13	2	419	CJSH_item_packet_1_7	商队的行囊	包裹中的物品价值不菲。	1	0	0	4	3	-1	-1	-1	-1	-1	4	-1	-1	0	0	任务道具	-1	00ccff
13020420	13	2	420	CJSH_item_xiangzi_1_7	沉甸甸的箱子	箱中都是平民辛苦积攒的财物。	1	0	0	4	5	-1	-1	-1	-1	-1	4	-1	-1	0	0	任务道具	-1	00ccff
13020421	13	2	421	CJSH_item_zhipian_1_6	耶律洪熙的信	信上的字体刚劲有力！	1	0	0	4	1	-1	-1	-1	-1	-1	4	-1	-1	0	0	任务道具	-1	00ccff
13020425	13	2	425	CJSH_equip_haojiao_1_1	唤兽号角	没有了它，敌人就无法召唤野兽了！	1	0	0	4	1	-1	-1	-1	-1	-1	4	-1	-1	0	0	任务道具	-1	00ccff
13020426	13	2	426	CJSH_item_huizhang_2_2	巫蛊护符	很多萨满身上都佩戴着它。	1	0	0	4	5	-1	-1	-1	-1	-1	4	-1	-1	0	0	任务道具	-1	00ccff
13020427	13	2	427	CJSH_item_common_1_9	佛宝	西辽的镇国之宝！	1	0	0	4	1	-1	-1	-1	-1	-1	4	-1	-1	0	0	任务道具	-1	00ccff
13020428	13	2	428	CJSH_item_baoshi_4_4	金之龙魂	当三个龙魂在一起时，可以合成龙之精华！	1	0	0	4	1	-1	-1	-1	-1	-1	4	-1	-1	0	0	任务道具	-1	00ccff
13020429	13	2	429	CJSH_item_baoshi_2_4	土之龙魂	当五个龙魂在一起时，可以合成五行精华！	1	0	0	4	1	-1	-1	-1	-1	-1	4	-1	-1	0	0	任务道具	-1	00ccff
13020430	13	2	430	CJSH_item_baoshi_1_4	火之龙魂	当三个龙魂在一起时，可以合成龙之精华！	1	0	0	4	1	-1	-1	-1	-1	-1	4	-1	-1	0	0	任务道具	-1	00ccff
13020431	13	2	431	CJSH_item_baoshi_5_4	木之龙魂	当五个龙魂在一起时，可以合成五行精华！	1	0	0	4	1	-1	-1	-1	-1	-1	4	-1	-1	0	0	任务道具	-1	00ccff
13020432	13	2	432	CJSH_item_baoshi_3_4	水之龙魂	当三个龙魂在一起时，可以合成龙之精华！	1	0	0	4	1	-1	-1	-1	-1	-1	4	-1	-1	0	0	任务道具	-1	00ccff
13020433	13	2	433	CJSH_item_baoshi_6_4	龙之精华	用来召唤三头魔龙！	1	0	0	6	1	400218	-1	-1	-1	-1	4	-1	-1	0	0	任务道具	-1	00ccff
13020434	13	2	434	CJSH_quest_rentou_1_2	屈出律头颅	看起来不像传说中的样子。	1	0	0	4	1	-1	-1	-1	-1	-1	4	-1	-1	0	0	任务道具	-1	00ccff
#																								
13020435	13	1	2	CJSH_item_yaofen_3_1	狼牙粉末	可以入药的狼牙粉末	1	0	0	4	1	-1	-1	-1	-1	-1	4	-1	-1	0	0	任务道具	-1	00ccff
13020436	13	2	3	CJSH_item_huizhang_3_2	狼牙	草原野狼的尖齿利牙	1	0	0	4	10	-1	-1	-1	-1	-1	4	-1	-1	0	0	任务道具	-1	00ccff
13020437	13	2	1	CJSH_item_kuangshi_2_6	熊胆	珍贵的熊胆，制药后对外伤有特效。	1	0	0	4	10	-1	-1	-1	-1	-1	4	-1	-1	0	0	任务道具	-1	00ccff
13020438	13	1	72	CJSH_item_grass_1_8	雪莲	天山上珍贵的雪莲花，除了治病良药外更是美容养颜难得药材	1	0	0	4	100	-1	-1	-1	-1	-1	4	-1	-1	0	0	任务道具	-1	00ccff
13020439	13	1	116	CJSH_item_zipian_1_2	丝绸商路图	马可波罗使团一路走来绘制的商路地图。	1	0	0	4	10	-1	-1	-1	-1	-1	4	-1	-1	0	0	任务道具	-1	00ccff
13020440	13	1	32	CJSH_item_maopi_1_1	狼皮	品质上乘的狼皮。	1	0	0	4	3	-1	-1	-1	-1	-1	4	-1	-1	0	0	任务道具	-1	00ccff
13020441	13	1	193	CJSH_item_wanfa_1_16	灵石	回鹘部落祖先留下的灵石	1	0	0	4	3	-1	-1	-1	-1	-1	4	-1	-1	0	0	任务道具	-1	00ccff
13020442	13	1	192	CJSH_equip_jiezhi_1_7	戒指	回鹘王子的戒指	1	0	0	4	1	-1	-1	-1	-1	-1	4	-1	-1	0	0	任务道具	-1	00ccff
13020443	13	3	194	CJSH_item_wanfa_1_3	药材	可以治疗伤病的草药	1	0	0	4	3	-1	-1	-1	-1	-1	4	-1	-1	0	0	任务道具	-1	00ccff
13020444	13	1	121	CJSH_equip_dao_1_1	钢刀	一柄寒光闪闪的钢刀。	1	0	0	4	3	-1	-1	-1	-1	-1	4	-1	-1	0	0	任务道具	-1	00ccff
13020445	13	1	25	CJSH_quest_xinjia_1_9	信件	成吉思汗写给完颜洪烈的手书。	1	0	0	4	1	-1	-1	-1	-1	-1	4	-1	-1	0	0	任务道具	-1	00ccff
#	程骏用	3	13039999																-1	0	0		-1	
13030001	13	1	3	CJSH_item_xiangzi_1_1	防具商人的货物	防具商人的货物。	1	0	0	4	1	-1	-1	-1	-1	-1	4	-1	-1	0	0	任务道具	-1	00ccff
13030002	13	1	3	CJSH_item_mapijinengshu_1_2	无上心法	"好亮的一本书,果然有无上心法的派头。"	1	0	0	4	1	-1	-1	-1	-1	-1	4	-1	-1	0	0	任务道具	-1	00ccff
13030003	13	1	3	CJSH_skill_wushi_1_11	勇冠三军	武士技能	1	0	0	4	1	-1	-1	-1	-1	-1	4	-1	-1	0	0	武士技能	-1	00ccff
13030004	13	1	3	CJSH_skill_player_1_1	杀无赦	武士技能	1	0	0	4	1	-1	-1	-1	-1	-1	4	-1	-1	0	0	武士技能	-1	00ccff
13030005	13	1	3	CJSH_skill_player_2_6	七星剑阵	剑侠技能	1	0	0	4	1	-1	-1	-1	-1	-1	4	-1	-1	0	0	剑侠技能	-1	00ccff
13030006	13	1	3	CJSH_skill_player_2_2	御剑诀	剑侠技能	1	0	0	4	1	-1	-1	-1	-1	-1	4	-1	-1	0	0	剑侠技能	-1	00ccff
13030007	13	1	3	CJSH_skill_player_3_3	自由之歌	骑射技能	1	0	0	4	1	-1	-1	-1	-1	-1	4	-1	-1	0	0	骑射技能	-1	00ccff
13030008	13	1	3	CJSH_skill_player_3_1	百步穿杨	骑射技能	1	0	0	4	1	-1	-1	-1	-1	-1	4	-1	-1	0	0	骑射技能	-1	00ccff
13030009	13	1	3	CJSH_skill_player_3_12	散兵队形	火枪技能	1	0	0	4	1	-1	-1	-1	-1	-1	4	-1	-1	0	0	火枪技能	-1	00ccff
13030010	13	1	3	CJSH_skill_player_3_10	毁灭	火枪技能	1	0	0	4	1	-1	-1	-1	-1	-1	4	-1	-1	0	0	火枪技能	-1	00ccff
13030011	13	1	3	CJSH_skill_player_4_11	神灯之光	先知技能	1	0	0	4	1	-1	-1	-1	-1	-1	4	-1	-1	0	0	先知技能	-1	00ccff
13030012	13	1	3	CJSH_skill_player_4_5	风之惩戒	先知技能	1	0	0	4	1	-1	-1	-1	-1	-1	4	-1	-1	0	0	先知技能	-1	00ccff
13030013	13	1	3	CJSH_skill_player_5_8	冥神附体	萨满技能	1	0	0	4	1	-1	-1	-1	-1	-1	4	-1	-1	0	0	萨满技能	-1	00ccff
13030014	13	1	3	CJSH_skill_player_5_2	烈犬之舞	萨满技能	1	0	0	4	1	-1	-1	-1	-1	-1	4	-1	-1	0	0	萨满技能	-1	00ccff
13030015	13	1	3	CJSH_item_wanfa_1_6	蝎尾	剧毒！	1	0	0	4	10	-1	-1	-1	-1	-1	4	-1	-1	0	0	任务道具	-1	00ccff
13030016	13	1	3	CJSH_quest_zawu_1_3	祭品	神秘的祭品	1	0	0	4	1	-1	-1	-1	-1	-1	4	-1	-1	0	0	任务道具	-1	00ccff
13030017	13	1	3	CJSH_item_zhipian_1_6	给八思巴大师的信	一封密信。	1	0	0	4	1	-1	-1	-1	-1	-1	4	-1	-1	0	0	任务道具	-1	00ccff
13030018	13	1	3	CJSH_quest_rongqi_1_3	桂花酿	一壶琥珀色的美酒。	1	0	0	4	1	-1	-1	-1	-1	-1	4	-1	-1	0	0	任务道具	-1	00ccff
13030019	13	1	19	CJSH_equip_dao_1_1	木华黎的马刀	一把陈旧而依然锋利的马刀，握手处的花纹已经磨损殆尽。	1	0	0	4	1	-1	-1	-1	-1	-1	4	-1	-1	0	0	任务道具	-1	00ccff
13030020	13	1	20	CJSH_item_grass_1_9	蜘蛛牙	剧毒蜘蛛红寡妇的牙齿。	1	0	0	4	100	-1	-1	-1	-1	-1	4	-1	-1	0	0	任务道具	-1	00ccff
13030021	13	1	21	CJSH_ridskill_1_14	蝎子王的尾针	这么大的蝎子尾针，你还是第一次看到。	1	0	0	4	1	-1	-1	-1	-1	-1	4	-1	-1	0	0	任务道具	-1	00ccff
13030022	13	1	22	CJSH_item_chengshuidaoju_1_4	狼人酒	由山里果子发酵而成的酒。	1	0	0	4	1	-1	-1	-1	-1	-1	4	-1	-1	0	0	任务道具	-1	00ccff
13030023	13	1	23	CJSH_item_baoshi_3_3	寒冰精魄	据说是千年冰晶凝结而成，有着神秘的功效。	1	0	0	4	100	-1	-1	-1	-1	-1	4	-1	-1	0	0	任务道具	-1	00ccff
13030024	13	1	24	CJSH_quest_qiguan_1_3	猛钳的眼睛	对于一只螃蟹来说，这只眼睛的确是很“#Y大#W”。	1	0	0	4	1	-1	-1	-1	-1	-1	4	-1	-1	0	0	任务道具	-1	00ccff
13030025	13	1	25	CJSH_equip_gong_1_2	鲁特的弓箭	阿塔娜为鲁特做的弓箭。	1	0	0	4	1	-1	-1	-1	-1	-1	4	-1	-1	0	0	任务道具	-1	00ccff
13030026	13	1	26	CJSH_quest_zawu_1_1	红杨木	这么大的一块木头，入手竟然轻飘飘的毫无分量。	1	0	0	4	1	-1	-1	-1	-1	-1	4	-1	-1	0	0	任务道具	-1	00ccff
13030027	13	1	27	CJSH_equip_jian_1_1	金军兵器	精钢打制的优良兵器。	1	0	0	4	100	-1	-1	-1	-1	-1	4	-1	-1	0	0	任务道具	-1	00ccff
13030028	13	1	28	CJSH_item_grass_1_9	蜥蜴尾巴	血迹斑斑的蜥蜴尾巴。	1	0	0	4	100	-1	-1	-1	-1	-1	4	-1	-1	0	0	任务道具	-1	00ccff
13030029	13	1	29	CJSH_equip_jianzhi_1_7	镔铁枪	乌黑厚重的一把镔铁枪。	1	0	0	4	100	-1	-1	-1	-1	-1	4	-1	-1	0	0	任务道具	-1	00ccff
13030030	13	1	30	CJSH_equip_yifu_1_4	金丝软甲	金丝编成的软甲，入手却极轻。	1	0	0	4	100	-1	-1	-1	-1	-1	4	-1	-1	0	0	任务道具	-1	00ccff
13030031	13	1	31	CJSH_equip_gong_1_1	弓箭	金国军队的制式弓箭。	1	0	0	4	100	-1	-1	-1	-1	-1	4	-1	-1	0	0	任务道具	-1	00ccff
13030032	13	1	32	CJSH_quest_rentou_1_8	蒲鲜万奴的头颅	蒲鲜万奴的头颅。	1	0	0	4	100	-1	-1	-1	-1	-1	4	-1	-1	0	0	任务道具	-1	00ccff
13030033	13	1	33	CJSH_item_yaofen_2_5	老顽童的灵药	黄纸包裹的药，据称有神效。	1	0	0	4	100	-1	-1	-1	-1	-1	4	-1	-1	0	0	任务道具	-1	00ccff
13030034	13	1	34	CJSH_item_jinshuding_1_2	十锭黄金	这可是一笔巨款，有了它马上就可以脱贫致富了。	1	0	0	4	100	-1	-1	-1	-1	-1	4	-1	-1	0	0	任务道具	-1	00ccff
13030035	13	1	35	CJSH_equip_gu_1_9	大风筝	村长帮你制作的巨大风筝，足有将近两人高。	1	0	0	4	100	-1	-1	-1	-1	-1	4	-1	-1	0	0	任务道具	-1	00ccff
13030036	13	1	36	CJSH_ride_touxiang_3	小红马	孛儿贴的小红马。	1	0	0	4	100	-1	-1	-1	-1	-1	4	-1	-1	0	0	任务道具	-1	00ccff
13030037	13	1	37	CJSH_item_xiangzi_1_7	两人的礼物	扎木合和木华黎送给孛儿贴的礼物。	1	0	0	4	100	-1	-1	-1	-1	-1	4	-1	-1	0	0	任务道具	-1	00ccff
13030038	13	1	38	CJSH_item_xiangzi_1_5	三人的礼物	扎木合，木华黎，铁木真送给孛儿贴的礼物。	1	0	0	4	100	-1	-1	-1	-1	-1	4	-1	-1	0	0	任务道具	-1	00ccff
13030039	13	1	39	CJSH_item_xiangzi_1_5	灵药	老顽童配置的解药，吃下去真的有用吗？	1	0	0	4	100	-1	-1	-1	-1	-1	4	-1	-1	0	0	任务道具	-1	00ccff
13030040	13	1	40	CJSH_item_jinshuding_1_2	黄金	黄澄澄的金子，人见人爱。	1	0	0	4	100	-1	-1	-1	-1	-1	4	-1	-1	0	0	任务道具	-1	00ccff
13030041	13	1	41	CJSH_item_maopi_1_2	兽皮	上好的兽皮。	1	0	0	4	100	-1	-1	-1	-1	-1	4	-1	-1	0	0	任务道具	-1	00ccff
13030042	13	1	42	CJSH_item_maopi_1_2	肉块	肉块	1	0	0	4	100	-1	-1	-1	-1	-1	4	-1	-1	0	0	任务道具	-1	00ccff
13030043	13	1	43	CJSH_item_bupi_1_3	蝎子壳	蝎子壳	1	0	0	4	100	-1	-1	-1	-1	-1	4	-1	-1	0	0	任务道具	-1	00ccff
13030044	13	1	44	CJSH_item_yaofen_2_5	药引	三兄弟为母亲找来的药引	1	0	0	4	100	-1	-1	-1	-1	-1	4	-1	-1	0	0	任务道具	-1	00ccff
13030045	13	1	45	CJSH_item_grass_1_12	无寒草	传说只有极寒之地才会生长的奇草，是不可多得的药物。	1	0	0	4	100	-1	-1	-1	-1	-1	4	-1	-1	0	0	任务道具	-1	00ccff
13030046	13	1	46	CJSH_item_xiangzi_1_5	金国辎重	金国溃败时准备带走的辎重。	1	0	0	4	100	-1	-1	-1	-1	-1	4	-1	-1	0	0	任务道具	-1	00ccff
13030047	13	1	47	CJSH_item_baoshi_2_11	_皇钻	耀眼的光芒让你无法直视。	1	0	0	4	100	-1	-1	-1	-1	-1	4	-1	-1	0	0	任务道具	-1	00ccff
13030048	13	1	48	CJSH_item_yaowan_3_3	贵重宝物	金国历朝历代收集的宝物	1	0	0	4	100	-1	-1	-1	-1	-1	4	-1	-1	0	0	任务道具	-1	00ccff
13030049	13	1	49	CJSH_item_fuwen_3_8	破坏的阵眼	曾今被用来做逆八卦四象阵的阵眼，如今已经被你破坏了。	1	0	0	4	100	-1	-1	-1	-1	-1	4	-1	-1	0	0	任务道具	-1	00ccff
13030050	13	1	50	CJSH_item_liangshi_1_2	丢失的粮食	一袋粮食	1	0	0	4	100	-1	-1	-1	-1	-1	4	-1	-1	0	0	任务道具	-1	00ccff
13030051	13	1	51	CJSH_item_shuji_1_2	武穆遗书	岳王留下的兵法圣典，传说得此书者可得天下。	1	0	0	4	100	-1	-1	-1	-1	-1	4	-1	-1	0	0	任务道具	-1	00ccff
13030052	13	1	52	CJSH_item_yaofen_2_7	泻药	奇怪的小瓶子，散发着刺鼻的气味。	1	0	0	6	100	413300	-1	-1	-1	-1	4	-1	-1	0	0	任务道具	-1	00ccff
13030053	13	1	53	CJSH_item_xiangzi_1_6	火雷弹	黑黝黝的小箱子，看起来一点也不起眼，真的有很大威力吗？	1	0	0	6	100	413301	-1	-1	-1	-1	4	-1	-1	0	0	任务道具	-1	00ccff
13030054	13	1	54	CJSH_item_yaowan_3_10	海东珠	此珠来自南方的深海中，传说能够使人青春永驻，百毒不侵。	1	0	0	6	1	-1	-1	-1	-1	-1	4	-1	-1	0	0	任务道具	-1	00ccff
13030055	13	1	55	CJSH_equip_fazhang_1_5	苍狼杖	由白鹿杖和乃蛮萨满法器合成的苍狼杖，普通人也可以轻易引发杖内的力量。	1	0	0	6	1	413302	-1	-1	-1	-1	4	-1	-1	0	0	任务道具	-1	00ccff
13030056	13	1	56	CJSH_quest_xinjia_1_3	奇怪的书信	一封皱皱巴巴的信件，什么人竟然会把信压在大石头下呢？	1	0	0	6	1	-1	-1	-1	-1	-1	4	-1	-1	0	0	任务道具	-1	00ccff
13030057	13	1	57	CJSH_quest_zawu_1_1	木柴	用来生火的木柴。	1	0	0	6	5	-1	-1	-1	-1	-1	4	-1	-1	0	0	任务道具	-1	00ccff
13030058	13	1	58	CJSH_equip_dao_1_9	金刀	当年丘处机赠给郭靖的金刀。	1	0	0	6	1	-1	-1	-1	-1	-1	4	-1	-1	0	0	任务道具	-1	00ccff
13030059	13	1	59	CJSH_item_xiangzi_1_4	蒙军的礼物	托雷让你转交给文天祥的礼物。	1	0	0	6	1	-1	-1	-1	-1	-1	4	-1	-1	0	0	任务道具	-1	00ccff
13030060	13	1	60	CJSH_equip_jian_1_5	提布的长剑	样式古怪的长剑。	1	0	0	4	100	-1	-1	-1	-1	-1	4	-1	-1	0	0	任务道具	-1	00ccff
13030061	13	1	61	CJSH_equip_jiezhi_1_1	娜姬的镯子	精巧的黄金镯子。	1	0	0	4	100	-1	-1	-1	-1	-1	4	-1	-1	0	0	任务道具	-1	00ccff
13030062	13	1	62	CJSH_quest_xinjia_1_8	求援信	商队老板写给城里的求援信。	1	0	0	4	100	-1	-1	-1	-1	-1	4	-1	-1	0	0	任务道具	-1	00ccff
13030063	13	1	63	CJSH_item_grass_1_11	草料	马儿最爱吃的草料。	1	0	0	4	100	-1	-1	-1	-1	-1	4	-1	-1	0	0	任务道具	-1	00ccff
13030064	13	1	64	CJSH_item_rou_1_2	山猪肉	上好的山猪肉。	1	0	0	4	100	-1	-1	-1	-1	-1	4	-1	-1	0	0	任务道具	-1	00ccff
13030065	13	1	65	CJSH_item_zhipian_2_7	烧毁的信件	一张被烧毁的信纸，已经无法辨别上面写的文字了。	1	0	0	4	100	-1	-1	-1	-1	-1	4	-1	-1	0	0	任务道具	-1	00ccff
13030066	13	1	66	CJSH_item_grass_1_2	草料	马儿最爱吃的草料。	1	0	0	4	100	-1	-1	-1	-1	-1	4	-1	-1	0	0	任务道具	-1	00ccff
13030067	13	1	67	CJSH_equip_jiezhi_1_7	冰晶戒指	晶光闪闪的冰晶戒指。	1	0	0	4	100	-1	-1	-1	-1	-1	4	-1	-1	0	0	任务道具	-1	00ccff
13030068	13	1	68	CJSH_item_rou_1_2	沙蛇肉	这么可怕的蛇肉，真的能吃么？	1	0	0	4	100	-1	-1	-1	-1	-1	4	-1	-1	0	0	任务道具	-1	00ccff
13030069	13	1	69	CJSH_item_grass_1_8	魔焰菇	火红的花朵，仿佛要燃烧起来。	1	0	0	4	100	-1	-1	-1	-1	-1	4	-1	-1	0	0	任务道具	-1	00ccff
13030070	13	1	70	CJSH_item_wanfa_1_1	香糜	所有的沙蛇都无法抵御香糜的诱惑。	1	0	0	6	100	413303	-1	-1	-1	-1	4	-1	-1	0	0	任务道具	-1	00ccff
13030071	13	1	71	CJSH_item_kuangshi_2_6	熊胆	珍贵的熊胆，制药后对外伤有特效。	1	0	0	4	100	-1	-1	-1	-1	-1	4	-1	-1	0	0	任务道具	-1	00ccff
13030072	13	1	72	CJSH_item_grass_1_8	雪莲	珍贵的雪莲花，常常被制成药材治疗重病者。	1	0	0	4	100	-1	-1	-1	-1	-1	4	-1	-1	0	0	任务道具	-1	00ccff
13030073	13	1	73	CJSH_equip_dao_1_2	未认主的家传刀	一看就是把利器，必须去祭坛开光使用。	1	0	0	6	100	400203	-1	-1	-1	-1	4	-1	-1	0	0	任务道具	-1	00ccff
13030074	13	1	74	CJSH_equip_jian_1_2	未认主的家传剑	一看就是把利器，必须去祭坛开光使用。	1	0	0	6	100	400203	-1	-1	-1	-1	4	-1	-1	0	0	任务道具	-1	00ccff
13030075	13	1	75	CJSH_equip_gong_1_2	未认主的家传弓	一看就是把利器，必须去祭坛开光使用。	1	0	0	6	100	400203	-1	-1	-1	-1	4	-1	-1	0	0	任务道具	-1	00ccff
13030076	13	1	76	CJSH_equip_qiang_1_2	未认主的家传枪	一看就是把利器，必须去祭坛开光使用。	1	0	0	6	100	400203	-1	-1	-1	-1	4	-1	-1	0	0	任务道具	-1	00ccff
13030077	13	1	77	CJSH_equip_fazhang_2_1	未认主的家传杖	一看就是把利器，必须去祭坛开光使用。	1	0	0	6	100	400203	-1	-1	-1	-1	4	-1	-1	0	0	任务道具	-1	00ccff
13030078	13	1	78	CJSH_equip_chui_1_1	未认主的家传槌	一看就是把利器，必须去祭坛开光使用。	1	0	0	6	1	400203	-1	-1	-1	-1	4	-1	-1	0	0	任务道具	-1	00ccff
13030079	13	1	79	CJSH_quest_xinjia_1_8	羊皮卷	某某某的教诲#G(右键点击查看)	1	0	0	6	1	561002	-1	-1	-1	-1	4	-1	-1	0	0	任务道具	-1	00ccff
13030080	13	1	80	CJSH_item_grass_1_4	干草	上好的羊群饲料	1	0	0	4	100	-1	-1	-1	-1	-1	4	-1	-1	0	0	任务道具	-1	00ccff
13030081	13	1	81	CJSH_Monster_touxiang_5_16	小螃蟹	小小的螃蟹，在你手中不安的挥舞着两只大敖。	1	0	0	4	100	-1	-1	-1	-1	-1	4	-1	-1	0	0	任务道具	-1	00ccff
13030082	13	1	82	CJSH_item_juqing_6	郭守谦的礼物	郭守谦送给斡鲁斯的礼物。	1	0	0	4	100	-1	-1	-1	-1	-1	4	-1	-1	0	0	任务道具	-1	00ccff
13030083	13	1	83	CJSH_quest_xinjia_1_10	药方	斡鲁斯专门给郭守谦开的药方。	1	0	0	4	100	-1	-1	-1	-1	-1	4	-1	-1	0	0	任务道具	-1	00ccff
13030084	13	1	84	CJSH_item_yaofen_2_5	药引	一包珍贵的药引。	1	0	0	4	100	-1	-1	-1	-1	-1	4	-1	-1	0	0	任务道具	-1	00ccff
13030085	13	1	85	CJSH_quest_xinjia_1_8	密信	马可波罗写给郭守谦的密信。	1	0	0	4	100	-1	-1	-1	-1	-1	4	-1	-1	0	0	任务道具	-1	00ccff
13030086	13	1	86	CJSH_skill_qishe_1_15	渔网	破破烂烂的渔网，不知道能不能抓到鱼。	1	0	0	6	100	400211	-1	-1	-1	-1	4	-1	-1	0	0	任务道具	-1	00ccff
13030087	13	1	87	CJSH_item_yu_1_5	鲜鱼	刚被抓住的鱼儿，还在啪啪的甩着尾巴。	1	0	0	4	100	-1	-1	-1	-1	-1	4	-1	-1	0	0	任务道具	-1	00ccff
13030088	13	1	88	CJSH_item_liangshi_1_2	粮食	鼓鼓囊囊的大袋粮食	1	0	0	4	100	-1	-1	-1	-1	-1	4	-1	-1	0	0	任务道具	-1	00ccff
13030089	13	1	89	CJSH_item_yu_1_3	烤鱼	刚刚烤好的鱼，香气四溢。	1	0	0	4	100	-1	-1	-1	-1	-1	4	-1	-1	0	0	任务道具	-1	00ccff
13030090	13	1	90	CJSH_equip_dao_2_11	制式长刀	做工精良的制式长刀。	1	0	0	4	100	-1	-1	-1	-1	-1	4	-1	-1	0	0	任务道具	-1	00ccff
13030091	13	1	91	CJSH_item_wanfa_1_4	渔具	渔港村民们赖以生存的渔具。	1	0	0	4	100	-1	-1	-1	-1	-1	4	-1	-1	0	0	任务道具	-1	00ccff
13030092	13	1	92	CJSH_quest_xinjia_1_8	密信	一封火漆密封着的信，不知道里面写了些什么。	1	0	0	6	100	-1	-1	-1	-1	-1	4	-1	-1	0	0	任务道具	-1	00ccff
13030093	13	1	93	CJSH_item_shujuan_1_1	通天古卷	传说这古卷记载着使用冰晶力量的方法。	1	0	0	6	100	400214	-1	-1	-1	-1	4	-1	-1	0	0	任务道具	-1	00ccff
13030094	13	1	94	CJSH_item_yaowan_2_10	退毒丹	能够解去西域毒巫所下的奇毒。	1	0	0	4	100	-1	-1	-1	-1	-1	4	-1	-1	0	0	任务道具	-1	00ccff
13030095	13	1	95	CJSH_quest_rentou_1_8	“雁拔毛”的头颅		1	0	0	4	100	-1	-1	-1	-1	-1	4	-1	-1	0	0	任务道具	-1	00ccff
13030096	13	1	96	CJSH_quest_rentou_1_9	“拦路虎”的头颅		1	0	0	4	100	-1	-1	-1	-1	-1	4	-1	-1	0	0	任务道具	-1	00ccff
13030097	13	1	97	CJSH_item_xiangzi_1_2	银狐围脖	古朴的红木箱子，里面装着珍贵的银狐围脖。	1	0	0	4	100	-1	-1	-1	-1	-1	4	-1	-1	0	0	任务道具	-1	00ccff
13030098	13	1	98	CJSH_item_xiangzi_1_2	托娅的家产	托娅的家产	1	0	0	4	100	-1	-1	-1	-1	-1	4	-1	-1	0	0	任务道具	-1	00ccff
13030099	13	1	99	CJSH_item_xiangzi_1_2	装满的水果筐	装满的水果筐	1	0	0	4	100	-1	-1	-1	-1	-1	4	-1	-1	0	0	任务道具	-1	00ccff
13030100	13	1	100	CJSH_item_xiangzi_1_2	文天祥的礼物	文天祥的礼物	1	0	0	4	100	-1	-1	-1	-1	-1	4	-1	-1	0	0	任务道具	-1	00ccff
13030101	13	1	101	CJSH_equip_shipin_1_6	驿兵的腰牌	证明驿兵身份的腰牌。	1	0	0	4	100	-1	-1	-1	-1	-1	4	-1	-1	0	0	任务道具	-1	00ccff
13030102	13	1	102	CJSH_item_grass_1_7	千年冰芝	巨大的白色灵芝，传说有着种种神奇的功效。	1	0	0	4	100	-1	-1	-1	-1	-1	4	-1	-1	0	0	任务道具	-1	00ccff
13030103	13	1	103	CJSH_item_chengshuidaoju_1_2	一碗仙人掌汁	从仙人掌嫩芽中挤出的汁水。	1	0	0	4	100	-1	-1	-1	-1	-1	4	-1	-1	0	0	任务道具	-1	00ccff
13030104	13	1	104	CJSH_item_baoshi_3_2	天河碧玉	充满灵气的天河碧玉。	1	0	0	4	100	-1	-1	-1	-1	-1	4	-1	-1	0	0	任务道具	-1	00ccff
13030105	13	1	105	CJSH_item_kuangshi_2_2	菩提树心	晶莹剔透的菩提树心。	1	0	0	4	100	-1	-1	-1	-1	-1	4	-1	-1	0	0	任务道具	-1	00ccff
13030106	13	1	106	CJSH_item_juqing_6	木棉袈裟	传说是达摩西来时所披的袈裟，身披袈裟的人可以得道成佛。	1	0	0	4	100	-1	-1	-1	-1	-1	4	-1	-1	0	0	任务道具	-1	00ccff
13030107	13	1	107	CJSH_item_grass_1_11	苎麻	可以用来编制一些常用的物事。	1	0	0	4	100	-1	-1	-1	-1	-1	4	-1	-1	0	0	任务道具	-1	00ccff
13030108	13	1	108	CJSH_item_baoshi_5_9	冬瓜	圆滚滚的冬瓜。	1	0	0	4	100	-1	-1	-1	-1	-1	4	-1	-1	0	0	任务道具	-1	00ccff
13030109	13	1	108	CJSH_equip_fazhang_1_5	苍狼杖	由白鹿杖和乃蛮萨满法器合成的苍狼杖，普通人也可以轻易引发杖内的力量。	1	0	0	4	100	-1	-1	-1	-1	-1	4	-1	-1	0	0	任务道具	-1	00ccff
13030110	13	1	108	CJSH_item_xiangzi_1_1	包裹	带给塔拉的包裹。	1	0	0	4	100	-1	-1	-1	-1	-1	4	-1	-1	0	0	任务道具	-1	00ccff
13030111	13	1	111	CJSH_equip_shipin_1_6	萨满令	样式古朴的令牌，应该是窝阔台汗国萨满教专用的。	1	0	0	4	100	-1	-1	-1	-1	-1	4	-1	-1	0	0	任务道具	-1	00ccff
13030112	13	1	112	CJSH_item_shuji_1_2	蒙古秘史	传说中记载了元朝无数秘密的蒙古秘史。	1	0	0	4	100	-1	-1	-1	-1	-1	4	-1	-1	0	0	任务道具	-1	00ccff
13030113	13	1	113	CJSH_item_zahuo_1_5	火螺	“明珠”娜仁古丽借给你的萨满教圣物，可以让人越过水流。	1	0	0	6	100	413304	-1	-1	-1	-1	4	-1	-1	0	0	任务道具	-1	00ccff
13030114	13	1	114	CJSH_item_zhipian_1_5	密信	一封被火漆紧紧密封的信	1	0	0	4	100	-1	-1	-1	-1	-1	4	-1	-1	0	0	任务道具	-1	00ccff
13030115	13	1	115	CJSH_equip_haojiao_1_10	刀鞘	上面铭刻着一段逝去的感情	1	0	0	4	100	-1	-1	-1	-1	-1	4	-1	-1	0	0	任务道具	-1	00ccff
13030116	13	1	116	CJSH_quest_xinjia_1_4	部署图	敌人的部署被标注的一清二楚	1	0	0	4	100	-1	-1	-1	-1	-1	4	-1	-1	0	0	任务道具	-1	00ccff
13030117	13	1	117	CJSH_equip_dao_1_9	驸马金刀	驸马金刀见证了那段久远的思念	1	0	0	4	100	-1	-1	-1	-1	-1	4	-1	-1	0	0	任务道具	-1	00ccff
13030118	13	1	118	CJSH_item_yaowan_3_3	止血药	此药之配方乃是华佗所创	1	0	0	4	100	-1	-1	-1	-1	-1	4	-1	-1	0	0	任务道具	-1	00ccff
13030119	13	1	119	CJSH_equip_shipin_1_1	砗磲珠	此物一出妖邪怨鬼皆化为灰烬	1	0	0	4	100	-1	-1	-1	-1	-1	4	-1	-1	0	0	任务道具	-1	00ccff
13030120	13	1	120	CJSH_item_wanfa_1_16	明镜石	此石透析三界之事，明世间百恶	1	0	0	4	100	-1	-1	-1	-1	-1	4	-1	-1	0	0	任务道具	-1	00ccff
13030121	13	1	121	CJSH_item_grass_1_2	草料	马驹最爱吃的新鲜草料。	1	0	0	4	100	-1	-1	-1	-1	-1	4	-1	-1	0	0	任务道具	-1	00ccff
13030122	13	1	122	CJSH_wanfa_add_3_4	南洋珍珠	产珠之地，颗颗耀眼夺目#r#G帮会跑商专用货物	1	0	0	4	100	-1	-1	-1	-1	-1	4	-1	-1	0	0	任务道具	-1	00ccff
13030123	13	1	123	CJSH_item_kuangshi_2_14	琉球珊瑚	高达七尺的珊瑚树，非深海绝地不可见#r#G帮会跑商专用货物	1	0	0	4	100	-1	-1	-1	-1	-1	4	-1	-1	0	0	任务道具	-1	00ccff
13030124	13	1	124	CJSH_equip_jianbang_1_5	波斯金鞍	波斯匠人精耕细琢之作#r#G帮会跑商专用货物	1	0	0	4	100	-1	-1	-1	-1	-1	4	-1	-1	0	0	任务道具	-1	00ccff
13030125	13	1	125	CJSH_equip_makai_1_1	大宛马铠	大宛产良骑，良骑配宝铠#r#G帮会跑商专用货物	1	0	0	4	100	-1	-1	-1	-1	-1	4	-1	-1	0	0	任务道具	-1	00ccff
13030126	13	1	126	CJSH_wanfa_add_5_3	高丽山参	六两四钱重，当世罕见#r#G帮会跑商所用	1	0	0	4	100	-1	-1	-1	-1	-1	4	-1	-1	0	0	任务道具	-1	00ccff
13030127	13	1	127	CJSH_item_grass_1_7	大理灵芝	取苍山洱海之灵，结天地日月之精#r#G帮会跑商专用货物	1	0	0	4	100	-1	-1	-1	-1	-1	4	-1	-1	0	0	任务道具	-1	00ccff
13030128	13	1	128	CJSH_quest_xinjia_1_8	帮会银票	右键点击使用，查看银票内的金额#r#G帮会跑商所用	1	0	0	6	100	300673	-1	-1	-1	-1	4	-1	-1	0	0	任务道具	-1	00ccff
13030129	13	1	3	HAN2_Skill_Shizi_1_3	光明圣战	十字军技能	1	0	0	4	1	-1	-1	-1	-1	-1	4	-1	-1	0	0	十字军技能	-1	00ccff
13030130	13	1	3	HAN2_Skill_Shizi_1_5	审判	十字军技能	1	0	0	4	1	-1	-1	-1	-1	-1	4	-1	-1	0	0	十字军技能	-1	00ccff
13030131	13	1	3	HAN2_Skill_Shenghuo_1_7	无名业火	圣火使技能	1	0	0	4	1	-1	-1	-1	-1	-1	4	-1	-1	0	0	圣火使技能	-1	00ccff
13030132	13	1	3	HAN2_Skill_Shenghuo_1_8	烈焰冲天	圣火使技能	1	0	0	4	1	-1	-1	-1	-1	-1	4	-1	-1	0	0	圣火使技能	-1	00ccff
13030133	13	1	3	HAN2_Skill_Cike_1_7	疾风烈火	刺客技能	1	0	0	4	1	-1	-1	-1	-1	-1	4	-1	-1	0	0	刺客技能	-1	00ccff
13030134	13	1	3	HAN2_Skill_Cike_1_8	瞬杀箭	刺客技能	1	0	0	4	1	-1	-1	-1	-1	-1	4	-1	-1	0	0	刺客技能	-1	00ccff
13030135	13	1	3	HAN2_Skill_Jinwei_1_7	临兵列阵	近卫军技能	1	0	0	4	1	-1	-1	-1	-1	-1	4	-1	-1	0	0	近卫军技能	-1	00ccff
13030136	13	1	3	HAN2_Skill_Jinwei_1_8	惊雷火	近卫军技能	1	0	0	4	1	-1	-1	-1	-1	-1	4	-1	-1	0	0	近卫军技能	-1	00ccff
13030137	13	1	3	HAN2_Skill_Yinxiu_1_7	苦修祷言	隐修士技能	1	0	0	4	1	-1	-1	-1	-1	-1	4	-1	-1	0	0	隐修士技能	-1	00ccff
13030138	13	1	3	HAN2_Skill_Yinxiu_1_8	除魔诀	隐修士技能	1	0	0	4	1	-1	-1	-1	-1	-1	4	-1	-1	0	0	隐修士技能	-1	00ccff
13030139	13	1	3	HAN2_Skill_Lama_1_1	巨熊护法	僧侣技能	1	0	0	4	1	-1	-1	-1	-1	-1	4	-1	-1	0	0	僧侣技能	-1	00ccff
13030140	13	1	3	HAN2_Skill_Lama_1_6	浮屠咒	僧侣技能	1	0	0	4	1	-1	-1	-1	-1	-1	4	-1	-1	0	0	僧侣技能	-1	00ccff
13030141	13	1	3	HAN2_Skill_Yinxiu_1_8	断灭咒	僧侣技能	1	0	0	4	1	-1	-1	-1	-1	-1	4	-1	-1	0	0	僧侣技能	-1	00ccff
#	春阳用	13040000	13049999																					
13040000	13	4	0	CJSH_item_juqing_3	火折子	中国古代常用的引火之物。	1	0	0	4	10	-1	-1	-1	-1	-1	4	-1	-1	0	0	任务道具	-1	00ccff
13040001	13	4	1	CJSH_item_juqing_4	黑木炭	“一硫二硝三木炭”，中国制作黑火药的必备之物。	1	0	0	4	10	-1	-1	-1	-1	-1	4	-1	-1	0	0	任务道具	-1	00ccff
13040002	13	4	2	CJSH_quest_zawu_1_3	赵王玉印	金朝赵王完颜洪烈的玉印，可调动军队。	1	0	0	4	10	-1	-1	-1	-1	-1	4	-1	-1	0	0	任务道具	-1	00ccff
13040003	13	4	3	CJSH_equip_gong_1_7	军用弓箭	金朝军队所装备的弓箭，做工优良。	1	0	0	4	10	-1	-1	-1	-1	-1	4	-1	-1	0	0	任务道具	-1	00ccff
13040004	13	4	4	CJSH_item_juqing_4	柴木	散布地上的干燥树枝，可作烧火之用。	1	0	0	4	10	-1	-1	-1	-1	-1	4	-1	-1	0	0	任务道具	-1	00ccff
13040005	13	4	5	CJSH_item_shujuan_1_3	金帝圣旨	金朝皇帝下的圣旨。	1	0	0	4	10	-1	-1	-1	-1	-1	4	-1	-1	0	0	任务道具	-1	00ccff
13040006	13	4	6	CJSH_item_shujuan_1_3	金帝圣旨	金朝皇帝下的圣旨。	1	0	0	4	10	-1	-1	-1	-1	-1	4	-1	-1	0	0	任务道具	-1	00ccff
13040007	13	4	7	CJSH_item_yaofen_3_2	毒药	烈性毒药，接触者立毙。	1	0	0	6	10	400101	-1	-1	-1	-1	4	-1	-1	0	0	任务道具	-1	00ccff
13040008	13	4	8	CJSH_item_yanhua_1_1	穿云箭	“一支穿云箭，千军万马来相见！”	1	0	0	6	10	400102	-1	-1	-1	-1	4	-1	-1	0	0	任务道具	-1	00ccff
13040009	13	4	9	CJSH_item_yanhua_1_3	蒙古炮仗	蒙古军队之间互相表明位置所用的工具。	1	0	0	6	10	400103	-1	-1	-1	-1	4	-1	-1	0	0	任务道具	-1	00ccff
13040010	13	4	10	CJSH_item_juqing_3	火把	用来点燃金军的军用物资。	1	0	0	6	10	400105	-1	-1	-1	-1	4	-1	-1	0	0	任务道具	-1	00ccff
13040011	13	4	11	CJSH_item_juqing_4	柴木	普通的引火之物。	1	0	0	4	10	-1	-1	-1	-1	-1	4	-1	-1	0	0	任务道具	-1	00ccff
13040012	13	4	12	CJSH_ride_touxiang_5	哺乳期的母马	群牧监的战马，正处于哺乳期。	1	0	0	4	10	-1	-1	-1	-1	-1	4	-1	-1	0	0	任务道具	-1	00ccff
13040013	13	4	13	CJSH_ride_touxiang_5	哺乳期的母马	群牧监的战马，正处于哺乳期。	1	0	0	6	10	400104	-1	-1	-1	-1	4	-1	-1	0	0	任务道具	-1	00ccff
13040014	13	4	14	CJSH_quest_gaoshi_1_2	宣传皮锻	女真文字写成的宣传书稿。	1	0	0	6	10	400106	-1	-1	-1	-1	4	-1	-1	0	0	任务道具	-1	00ccff
13040015	13	4	15	CJSH_equip_shipin_1_7	赵王府玉佩	赵王府玉佩	1	0	0	4	10	-1	-1	-1	-1	-1	4	-1	-1	0	0	任务道具	-1	00ccff
13040016	13	4	16	CJSH_item_shujuan_1_3	金帝密旨	金帝密旨	1	0	0	4	10	-1	-1	-1	-1	-1	4	-1	-1	0	0	任务道具	-1	00ccff
13040017	13	4	17	CJSH_item_zhipian_2_8	老族长的信件	野人女真部族长的信件，上有居庸关小路的路径。	1	0	0	4	10	-1	-1	-1	-1	-1	4	-1	-1	0	0	任务道具	-1	00ccff
13040018	13	4	18	CJSH_quest_gaoshi_1_1	铜牌	特殊的铜牌，一面刻着“鹰扬”二字。	1	0	0	4	10	-1	-1	-1	-1	-1	4	-1	-1	0	0	任务道具	-1	00ccff
13040019	13	4	19	CJSH_item_zhipian_1_10	伪造的奏疏	杨康仿照完颜洪烈口吻伪造的奏疏，内陈耶律楚材种种“叛国”行为。	1	0	0	4	10	-1	-1	-1	-1	-1	4	-1	-1	0	0	任务道具	-1	00ccff
13040020	13	4	20	CJSH_quest_gaoshi_1_1	上山令牌	一品堂上山令牌，正面刻有“一品堂贺兰山”，背面刻着“受命于夏，恭顺忠义”。	1	0	0	4	10	-1	-1	-1	-1	-1	4	-1	-1	0	0	任务道具	-1	00ccff
13040021	13	4	21	CJSH_equip_maozi_1_4	蒙古毡帽	蒙古人经常戴的毡帽。	1	0	0	4	20	-1	-1	-1	-1	-1	4	-1	-1	0	0	任务道具	-1	00ccff
13040022	13	4	22	CJSH_quest_gaoshi_1_1	一品堂明令	一品堂杀手所配证明，佩戴者均为一品堂精锐杀手	1	0	0	4	10	-1	-1	-1	-1	-1	4	-1	-1	0	0	任务道具	-1	00ccff
13040023	13	4	23	CJSH_item_juqing_1	山猪肉	从山猪身上割下的大块肉，肉质粗糙但很有风味。	1	0	0	4	10	-1	-1	-1	-1	-1	4	-1	-1	0	0	任务道具	-1	00ccff
13040024	13	4	24	CJSH_item_juqing_1	山羊肉	从山羊身上割下的肉，是涮火锅的必备佳肴。	1	0	0	4	10	-1	-1	-1	-1	-1	4	-1	-1	0	0	任务道具	-1	00ccff
13040025	13	4	25	CJSH_item_yanhua_1_1	穿云箭	“虎踞龙盘在今朝，风云际会啸九天。”	1	0	0	6	10	400107	-1	-1	-1	-1	4	-1	-1	0	0	任务道具	-1	00ccff
13040026	13	4	26	CJSH_item_yaowan_3_10	新鲜的食物	刚刚出锅的食物，香飘数里。	1	0	0	6	10	400108	-1	-1	-1	-1	4	-1	-1	0	0	任务道具	-1	00ccff
13040027	13	4	27	CJSH_quest_zawu_1_1	木材	贺兰山上随处可见的木材。	1	0	0	4	10	-1	-1	-1	-1	-1	4	-1	-1	0	0	任务道具	-1	00ccff
13040028	13	4	28	CJSH_item_grass_1_12	忘忧草	“何者解忧？唯有杜康。”此草就说服之能让人进入梦乡，无忧无虑。	1	0	0	4	10	-1	-1	-1	-1	-1	4	-1	-1	0	0	任务道具	-1	00ccff
13040029	13	4	29	CJSH_item_shujuan_1_3	王彪的信件	你的努力赢得了王彪的敬佩，这是他写给一品堂总堂主的信件。	1	0	0	4	10	-1	-1	-1	-1	-1	4	-1	-1	0	0	任务道具	-1	00ccff
13040030	13	4	30	CJSH_wanfa_add_3_5	玄天珠	通体散发着耀眼的蓝光，眩人心目。	1	0	0	6	10	413311	-1	-1	-1	-1	4	-1	-1	0	0	任务道具	-1	00ccff
13040031	13	4	31	CJSH_item_shujuan_1_3	包打听的信	知己，不因距离遥远而疏远	1	0	0	4	10	-1	-1	-1	-1	-1	4	-1	-1	0	0	任务道具	-1	00ccff
13040032	13	4	32	CJSH_wanfa_add_4_1	一坛美酒	酒香浓郁而醇厚，人间佳酿	1	0	0	4	10	-1	-1	-1	-1	-1	4	-1	-1	0	0	任务道具	-1	00ccff
13040033	13	4	33	CJSH_quest_xinjia_1_2	航海图	浩瀚的东海被描述在整张海图中	1	0	0	4	10	-1	-1	-1	-1	-1	4	-1	-1	0	0	任务道具	-1	00ccff
13040034	13	4	34	CJSH_wanfa_add_3_4	水晶球	蓝莹莹的水晶球看起来是那么的神秘	1	0	0	4	10	-1	-1	-1	-1	-1	4	-1	-1	0	0	任务道具	-1	00ccff
13040035	13	4	35	CJSH_item_xiangzi_1_1	木匣子	里面装着基辅大公的头。	1	0	0	4	10	-1	-1	-1	-1	-1	4	-1	-1	0	0	任务道具	-1	00ccff
13040036	13	4	36	CJSH_item_packet_1_5	钱袋	精致的钱袋中装满了闪闪发光的金币	1	0	0	4	10	-1	-1	-1	-1	-1	4	-1	-1	0	0	任务道具	-1	00ccff
13040037	13	4	37	CJSH_quest_xinjia_1_4	神秘的信	这封未完成的信，字里行间流露着真情	1	0	0	4	10	-1	-1	-1	-1	-1	4	-1	-1	0	0	任务道具	-1	00ccff
13040038	13	4	38	CJSH_equip_jian_1_1	长剑	这是象征权力的长剑	1	0	0	4	10	-1	-1	-1	-1	-1	4	-1	-1	0	0	任务道具	-1	00ccff
13040039	13	4	39	CJSH_quest_rongqi_1_7	露水	瓶中装着晶莹剔透的露水	1	0	0	4	10	-1	-1	-1	-1	-1	4	-1	-1	0	0	任务道具	-1	00ccff
13040040	13	4	40	CJSH_wanfa_add_3_11	兽首骨	表面纹路交错纵横的兽首骨，难道真的蕴含着神秘力量	1	0	0	4	99	-1	-1	-1	-1	-1	4	-1	-1	0	0	任务道具	-1	00ccff
13040041	13	4	41	CJSH_quest_xinjia_1_4	神秘的信	一封未拆封的信。	1	0	0	4	10	-1	-1	-1	-1	-1	4	-1	-1	0	0	任务道具	-1	00ccff
13040042	13	4	42	CJSH_quest_xinjia_1_4	教皇的信	一封神圣罗马教皇曾经写给圣彼得的亲笔信。	1	0	0	4	10	-1	-1	-1	-1	-1	4	-1	-1	0	0	任务道具	-1	00ccff
13040043	13	4	43	CJSH_quest_xinjia_1_4	郭宝玉抄写的信	一封由郭宝玉照罗马教皇手书字体而抄写的信。	1	0	0	4	10	-1	-1	-1	-1	-1	4	-1	-1	0	0	任务道具	-1	00ccff
#	晓建	13050000	13059999																					
13050000	13	5	0	CJSH_item_huizhang_1_4	尼柯洛徽章	马可波罗周游列国一直珍藏的徽章	1	0	0	4	10	-1	-1	-1	-1	-1	4	-1	-1	0	0	任务道具	-1	00ccff
#	义宣	13060000	13069999																					
13060000	13	6	0	CJSH_quest_yihai_1_1	颅骨	僵尸的枯骨，充满了死亡的味道……	1	0	0	4	10	-1	-1	-1	-1	-1	4	-1	-1	0	0	任务道具	-1	00ccff
13060001	13	6	1	CJSH_equip_yifu_1_1	藤甲	山间生长的青藤所编的铠甲，坚韧异常，非常轻便。	1	0	0	4	10	-1	-1	-1	-1	-1	4	-1	-1	0	0	任务道具	-1	00ccff
13060002	13	6	2	CJSH_equip_qiang_1_6	哨子	马贼所携带的奇怪的哨子，野兽会受到哨声的影响。	1	0	0	4	10	-1	-1	-1	-1	-1	4	-1	-1	0	0	任务道具	-1	00ccff
13060003	13	6	3	CJSH_item_yaofen_3_1	蓝色药粉	蓝色一堆药粉，闻上去有点怪味……	1	0	0	6	10	413300	-1	-1	-1	-1	4	-1	-1	0	0	任务道具	-1	00ccff
13060004	13	6	4	CJSH_item_yanhua_1_3	穿云箭	一支穿云箭，冲霄传捷报！	1	0	0	6	10	400102	-1	-1	-1	-1	4	-1	-1	0	0	任务道具	-1	00ccff
13060005	13	6	5	CJSH_item_juqing_5	水囊	装满了清水的皮囊，在这干旱的沙漠上，没有什么比这个更珍贵了	1	0	0	4	10	-1	-1	-1	-1	-1	4	-1	-1	0	0	任务道具	-1	00ccff
13060006	13	6	6	CJSH_item_xiangzi_1_1	药箱	装满了药材的箱子，是军中不可缺少的重要物资	1	0	0	4	10	-1	-1	-1	-1	-1	4	-1	-1	0	0	任务道具	-1	00ccff
13060007	13	6	7	CJSH_item_wanfa_1_3	沙漠红柳	世界之大真的无奇不有，干旱的沙土上还能生长出这么茂盛的植物，还有股奇怪的芳香	1	0	0	4	10	-1	-1	-1	-1	-1	4	-1	-1	0	0	任务道具	-1	00ccff
13060008	13	6	8	CJSH_quest_rongqi_1_4	罐子	一个陶瓷制成的罐子，看起来可以装很多的水	1	0	0	6	10	413307	-1	-1	-1	-1	4	-1	-1	0	0	任务道具	-1	00ccff
13060009	13	6	9	CJSH_item_lvyao_1_1	解毒药剂	绿色的一个小瓶子，真的能把这么大一个湖里的毒解了么	1	0	0	6	10	413309	-1	-1	-1	-1	4	-1	-1	0	0	任务道具	-1	00ccff
13060010	13	6	10	CJSH_quest_rongqi_1_3	大水囊	一个很大的皮质水囊，应该可以装很多水	1	0	0	6	10	413310	-1	-1	-1	-1	4	-1	-1	0	0	任务道具	-1	00ccff
13060011	13	6	11	CJSH_wanfa_add_3_4	东海明珠	一颗巨大的宝珠，不知道从哪里流传到了阿拉伯	1	0	0	4	10	-1	-1	-1	-1	-1	4	-1	-1	0	0	任务道具	-1	00ccff
13060012	13	6	12	CJSH_quest_rongqi_1_3	装满水的皮囊	装满了清水的皮囊，足够十几个人饮用	1	0	0	4	10	-1	-1	-1	-1	-1	4	-1	-1	0	0	任务道具	-1	00ccff
13060013	13	6	13	CJSH_wanfa_add_5_13	天香宝玉	晶莹剔透的一块玉石，时时散发出檀香的味道	1	0	0	4	10	-1	-1	-1	-1	-1	4	-1	-1	0	0	任务道具	-1	00ccff
13060014	13	6	14	CJSH_item_juqing_3	火折子	用来保存火种的一种工具，也可以用它来点燃很多东西，比如火药……	1	0	0	6	10	413308	-1	-1	-1	-1	4	-1	-1	0	0	任务道具	-1	00ccff
13060015	13	6	15	CJSH_item_wanfa_1_3	沙漠红柳的根	世界之大真的无奇不有，干旱的沙土上还能生长出这么茂盛的植物，还有股奇怪的芳香	1	0	0	6	10	413306	-1	-1	-1	-1	4	-1	-1	0	0	任务道具	-1	00ccff
13060016	13	6	16	CJSH_quest_rongqi_1_4	罐子	一个陶瓷制成的罐子，看起来可以装很多的水	1	0	0	6	10	-1	-1	-1	-1	-1	4	-1	-1	0	0	任务道具	-1	00ccff
13060017	13	6	17	CJSH_equip_fazhang_1_4	海蜃之杖	山精海怪的精气炼化的巫蛊之仗	1	0	0	4	10	-1	-1	-1	-1	-1	4	-1	-1	0	0	任务道具	-1	00ccff
13060018	13	6	18	CJSH_quest_zawu_1_2	令牌	蒙古军中调动军队所使用的令牌，由成吉思汗钦赐，见此令牌如同见到成吉思汗本人	1	0	0	4	10	-1	-1	-1	-1	-1	4	-1	-1	0	0	任务道具	-1	00ccff
13060019	13	6	19	CJSH_wanfa_add_4_1	英雄酒	装满了蒙古美酒的坛子	1	0	0	4	10	-1	-1	-1	-1	-1	4	-1	-1	0	0	任务道具	-1	00ccff
13060020	13	6	20	CJSH_equip_dao_1_1	突厥伏兵的武器	突厥兵士们常用的武器	1	0	0	4	10	-1	-1	-1	-1	-1	4	-1	-1	0	0	任务道具	-1	00ccff
13060021	13	6	21	CJSH_equip_gu_2_4	定位罗盘	定位龙脉所在位置的罗盘	1	0	0	4	10	-1	-1	-1	-1	-1	4	-1	-1	0	0	任务道具	-1	00ccff
13060022	13	6	22	CJSH_equip_gu_2_5	定位罗盘	定位龙脉所在位置的罗盘	1	0	0	6	10	413318	-1	-1	-1	-1	4	-1	-1	0	0	任务道具	-1	00ccff
13060023	13	6	23	CJSH_item_chengshuidaoju_1_4	水瓮	一个用来装水的大瓮，看起来很能装很多水	1	0	0	6	10	413313	-1	-1	-1	-1	4	-1	-1	0	0	任务道具	-1	00ccff
13060024	13	6	24	CJSH_item_chengshuidaoju_1_5	装满水的大瓮	一个装满了水的大瓮，看起来相当沉重	1	0	0	4	10	-1	-1	-1	-1	-1	4	-1	-1	0	0	任务道具	-1	00ccff
13060025	13	6	25	CJSH_item_chengshuidaoju_1_5	装满水的大瓮	一个装满了水的大瓮，看起来相当沉重	1	0	0	6	10	413312	-1	-1	-1	-1	4	-1	-1	0	0	任务道具	-1	00ccff
13060026	13	6	26	CJSH_item_xiangzi_1_6	炸药	装满了炸药的箱子，威力巨大	1	0	0	6	10	413314	-1	-1	-1	-1	4	-1	-1	0	0	任务道具	-1	00ccff
13060027	13	6	27	CJSH_item_juqing_2	鞭炮	特制的大爆竹，响声足以震聋耳朵	1	0	0	6	10	413315	-1	-1	-1	-1	4	-1	-1	0	0	任务道具	-1	00ccff
13060028	13	6	28	CJSH_item_xiangzi_1_6	炸药	装满了炸药的箱子，威力巨大	1	0	0	6	10	413316	-1	-1	-1	-1	4	-1	-1	0	0	任务道具	-1	00ccff
13060029	13	6	29	CJSH_item_yanhua_1_1	穿云箭	发送给郭宝玉和拔都的信号	1	0	0	6	1	413317	-1	-1	-1	-1	4	-1	-1	0	0	任务道具	-1	00ccff
13060030	13	6	30	CJSH_equip_gu_1_7	定天罗盘	全真教之宝，上刻阴阳五行，天干地支，八卦方位，内藏玄机，奥妙无穷	1	0	0	6	1	-1	-1	-1	-1	-1	4	-1	-1	0	0	任务道具	-1	00ccff
13060031	13	6	31	CJSH_item_yanhua_1_1	穿云箭	发送给蒙哥和拔都的信号	1	0	0	6	1	413319	-1	-1	-1	-1	4	-1	-1	0	0	任务道具	-1	00ccff
13060032	13	6	32	CJSH_item_fenyao_1_1	妖兽之血	夔牛的鲜血，具有很强的灵性	1	0	0	6	1	413320	-1	-1	-1	-1	4	-1	-1	0	0	任务道具	-1	00ccff
13060033	13	6	33	CJSH_item_yanhua_1_1	穿云箭	发送给旭烈兀的信号	1	0	0	6	1	413321	-1	-1	-1	-1	4	-1	-1	0	0	任务道具	-1	00ccff
13060034	13	6	34	CJSH_quest_zawu_1_1	结香木	一种奇异的木头，白蚁最害怕的一种植物	1	0	0	4	10	-1	-1	-1	-1	-1	4	-1	-1	0	0	任务道具	-1	00ccff
13060035	13	6	35	CJSH_quest_mabian_1_2	马鞭	成吉思汗多年征战时所有的马鞭，做工精细，鞭尾镶有一颗翠绿剔透的翡翠。	1	0	0	4	1	-1	-1	-1	-1	-1	4	-1	-1	0	0	任务道具	-1	00ccff
13060036	13	6	36	CJSH_item_juqing_3	火把	沾有易燃物品的火把，可用来照亮，也可以点燃物品	1	0	0	6	1	413322	-1	-1	-1	-1	4	-1	-1	0	0	任务道具	-1	00ccff
13060037	13	6	37	CJSH_item_lvyao_1_1	狼蛛药液	绿色的一个小瓶子，真的具有毒倒数千人的威力么	1	0	0	6	1	413323	-1	-1	-1	-1	4	-1	-1	0	0	任务道具	-1	00ccff
13060038	13	6	38	CJSH_quest_rongqi_1_3	装满水的皮囊	装满了清水的皮囊，足够几个人饮用	1	0	0	6	1	413324	-1	-1	-1	-1	4	-1	-1	0	0	任务道具	-1	00ccff
13060039	13	6	39	CJSH_item_yaowan_3_10	马灰	黄色圆圆的一种菌类植物，具有解毒清热止血等多种药用价值	1	0	0	4	3	-1	-1	-1	-1	-1	4	-1	-1	0	0	任务道具	-1	00ccff
13060040	13	6	40	CJSH_item_juqing_3	火把	沾有易燃物品的火把，可用来照亮，也可以点燃物品	1	0	0	6	1	413325	-1	-1	-1	-1	4	-1	-1	0	0	任务道具	-1	00ccff
#	PVP	13070001	13079999																					
13070001	13	3	0	CJSH_item_xunan_1_3	神龙藏宝图碎片（龙尾）	一块神秘的拼图，似乎蕴藏着极深的秘密	1	0	0	21	4	-1	-1	-1	-1	-1	-1	-1	-1	0	0	任务道具	-1	00ccff
13070002	13	3	1	CJSH_item_xunan_1_2	神龙藏宝图碎片（龙爪）	一块神秘的拼图，似乎蕴藏着极深的秘密	1	0	0	21	4	-1	-1	-1	-1	-1	-1	-1	-1	0	0	任务道具	-1	00ccff
13070003	13	3	2	CJSH_item_xunan_1_4	神龙藏宝图碎片（龙身）	一块神秘的拼图，似乎蕴藏着极深的秘密	1	0	0	21	4	-1	-1	-1	-1	-1	-1	-1	-1	0	0	任务道具	-1	00ccff
13070004	13	3	3	CJSH_item_xunan_1_6	神龙藏宝图碎片（龙首）	一块神秘的拼图，似乎蕴藏着极深的秘密	1	0	0	21	4	-1	-1	-1	-1	-1	-1	-1	-1	0	0	任务道具	-1	00ccff
13070005	13	3	4	CJSH_quest_xinjia_1_9	龙须图5	一块神秘的拼图，似乎蕴藏着极深的秘密	1	0	0	4	4	-1	-1	-1	-1	-1	-1	-1	-1	0	0	任务道具	-1	00ccff
13070006	13	3	5	CJSH_quest_xinjia_1_9	龙眼图6	一块神秘的拼图，似乎蕴藏着极深的秘密	1	0	0	4	4	-1	-1	-1	-1	-1	-1	-1	-1	0	0	任务道具	-1	00ccff
13070007	13	3	6	CJSH_quest_xinjia_1_9	龙角图7	一块神秘的拼图，似乎蕴藏着极深的秘密	1	0	0	4	4	-1	-1	-1	-1	-1	-1	-1	-1	0	0	任务道具	-1	00ccff
13070008	13	3	7	CJSH_quest_xinjia_1_9	龙口图8	一块神秘的拼图，似乎蕴藏着极深的秘密	1	0	0	4	4	-1	-1	-1	-1	-1	-1	-1	-1	0	0	任务道具	-1	00ccff
13070009	13	3	8	CJSH_quest_xinjia_1_9	龙首图9	一块神秘的拼图，似乎蕴藏着极深的秘密	1	0	0	4	4	-1	-1	-1	-1	-1	-1	-1	-1	0	0	任务道具	-1	00ccff
13070010	13	3	9	CJSH_item_grass_1_5	人参	传说的神药，有着起死回生之效。	1	0	0	4	5	-1	-1	-1	-1	-1	-1	-1	-1	0	0	任务道具	-1	00ccff
13070011	13	3	10	CJSH_item_grass_1_8	还魂草	神奇的植物，具有还魂之效。	1	0	0	4	5	-1	-1	-1	-1	-1	-1	-1	-1	0	0	任务道具	-1	00ccff
13070012	13	3	11	CJSH_item_baoshi_3_3	蓝水晶	蓝色的精矿，泛着荧荧的光彩。	1	0	0	4	5	-1	-1	-1	-1	-1	-1	-1	-1	0	0	任务道具	-1	00ccff
#	大早	13080009	13081000																					
13080009	13	3	0	CJSH_item_kuangshi_2_3	紫水晶	紫色的精矿，上面闪烁着阵阵流光	1	0	0	4	5	301018	-1	-1	-1	-1	-1	-1	-1	0	0	任务道具	-1	00ccff
13080010	13	1	1	CJSH_item_yanhua_1_4	心心相映	礼花，用手触摸似乎渗透着丝丝甜蜜的气息	1	0	0	6	1	300353	-1	-1	-1	-1	4	-1	-1	0	0	任务道具	-1	00ccff
13080011	13	1	2	CJSH_item_zhipian_1_6	1级保险单	花费保金与保险公司签订的单据，可在黑金押运回复任务时换取理赔单，放弃任务自动销毁。	1	0	0	4	1	-1	-1	-1	-1	-1	4	-1	-1	0	0	任务道具	-1	00ccff
13080012	13	1	3	CJSH_item_zhipian_1_6	2级保险单	花费保金与保险公司签订的单据，可在黑金押运回复任务时换取理赔单，放弃任务自动销毁。	1	0	0	4	1	-1	-1	-1	-1	-1	4	-1	-1	0	0	任务道具	-1	00ccff
13080013	13	1	4	CJSH_item_zhipian_1_7	3级保险单	花费保金与保险公司签订的单据，可在黑金押运回复任务时换取理赔单，放弃任务自动销毁。	1	0	0	4	1	-1	-1	-1	-1	-1	4	-1	-1	0	0	任务道具	-1	00ccff
13080014	13	1	5	CJSH_item_zhipian_1_8	4级保险单	花费保金与保险公司签订的单据，可在黑金押运回复任务时换取理赔单，放弃任务自动销毁。	1	0	0	4	1	-1	-1	-1	-1	-1	4	-1	-1	0	0	任务道具	-1	00ccff
13080015	13	1	6	CJSH_item_zhipian_1_9	5级保险单	花费保金与保险公司签订的单据，可在黑金押运回复任务时换取理赔单，放弃任务自动销毁。	1	0	0	4	1	-1	-1	-1	-1	-1	4	-1	-1	0	0	任务道具	-1	00ccff
13080016	13	1	7	CJSH_item_zhipian_1_10	6级保险单	花费保金与保险公司签订的单据，可在黑金押运回复任务时换取理赔单，放弃任务自动销毁。	1	0	0	4	1	-1	-1	-1	-1	-1	4	-1	-1	0	0	任务道具	-1	00ccff
13080017	13	1	8	CJSH_item_zhipian_1_11	1级理赔单	保险公司出示的理赔单据，在保险公司处换取现银赔偿。	1	0	0	4	5	-1	-1	-1	-1	-1	4	-1	-1	0	0	任务道具	-1	00ccff
13080018	13	1	9	CJSH_item_zhipian_1_11	2级理赔单	保险公司出示的理赔单据，在保险公司处换取现银赔偿。	1	0	0	4	5	-1	-1	-1	-1	-1	4	-1	-1	0	0	任务道具	-1	00ccff
13080019	13	1	10	CJSH_item_zhipian_1_12	3级理赔单	保险公司出示的理赔单据，在保险公司处换取现银赔偿。	1	0	0	4	5	-1	-1	-1	-1	-1	4	-1	-1	0	0	任务道具	-1	00ccff
13080020	13	1	11	CJSH_item_zhipian_1_13	4级理赔单	保险公司出示的理赔单据，在保险公司处换取现银赔偿。	1	0	0	4	5	-1	-1	-1	-1	-1	4	-1	-1	0	0	任务道具	-1	00ccff
13080021	13	1	12	CJSH_item_zhipian_1_14	5级理赔单	保险公司出示的理赔单据，在保险公司处换取现银赔偿。	1	0	0	4	5	-1	-1	-1	-1	-1	4	-1	-1	0	0	任务道具	-1	00ccff
13080022	13	1	13	CJSH_item_zhipian_1_15	6级理赔单	保险公司出示的理赔单据，在保险公司处换取现银赔偿。	1	0	0	4	5	-1	-1	-1	-1	-1	4	-1	-1	0	0	任务道具	-1	00ccff
13080023	13	1	14	CJSH_item_zhipian_1_11	理赔单	保险公司出示的理赔单据，在保险公司处换取现银赔偿。	1	0	0	4	5	-1	-1	-1	-1	-1	4	-1	-1	0	0	任务道具	-1	00ccff
13080024	13	3	15	CJSH_item_kuangshi_2_3	幽谷玄冰	紫色的玄冰，寒冷无比，上面闪烁着阵阵流光，将它交给龙之谷战场统帅可获得龙之谷战场积分。	1	0	0	4	5	301018	-1	-1	-1	-1	-1	-1	-1	0	0	任务道具	-1	00ccff
#	外高价索	13810001	13800010																					
13810001	13	1	1	CJSH_item_grass_1_2	回龙草	草药	1	0	0	4	15	-1	-1	-1	-1	-1	4	-1	-1	0	0	任务道具	-1	00ccff
13810002	13	1	2	CJSH_item_xiangzi_1_8	药箱	一股清新的青草味沁人心肺	1	0	0	4	1	-1	-1	-1	-1	-1	4	-1	-1	0	0	任务道具	-1	00ccff
13810003	13	1	3	CJSH_quest_qiguan_1_5	熊掌	美味的熊掌，上好的补品	1	0	0	4	15	-1	-1	-1	-1	-1	4	-1	-1	0	0	任务道具	-1	00ccff
13810004	13	1	4	CJSH_Monster_touxiang_2_3	小狐狸	小家伙很可爱	1	0	0	4	15	-1	-1	-1	-1	-1	4	-1	-1	0	0	任务道具	-1	00ccff
13810005	13	1	5	CJSH_item_chengshuidaoju_1_2	午餐	十里飘香的美味	1	0	0	4	1	-1	-1	-1	-1	-1	4	-1	-1	0	0	任务道具	-1	00ccff
#	乌孙古道	13810011	13810020																					
13810011	13	1	11	CJSH_quest_xinjia_1_7	木帖	上面刻有神秘的文字	1	0	0	4	10	-1	-1	-1	-1	-1	4	-1	-1	0	0	任务道具	-1	00ccff
13810012	13	1	12	CJSH_item_hongyao_1_8	黄沙蝎毒血	毒血可以清除木帖上的污迹	1	0	0	4	10	-1	-1	-1	-1	-1	4	-1	-1	0	0	任务道具	-1	00ccff
13810013	13	1	13	CJSH_quest_rongqi_1_3	烈酒	烈酒可以消炎祛毒	1	0	0	4	1	-1	-1	-1	-1	-1	4	-1	-1	0	0	任务道具	-1	00ccff
13810014	13	1	14	CJSH_item_hongyao_1_8	毒蛤之血	以毒物之血激活护身灵符，可百毒不侵。	1	0	0	4	10	-1	-1	-1	-1	-1	4	-1	-1	0	0	任务道具	-1	00ccff
13810015	13	1	15	CJSH_item_hongyao_1_8	野牛之血	以野牛之血敬神，天佑之。	1	0	0	4	10	-1	-1	-1	-1	-1	4	-1	-1	0	0	任务道具	0	00ccff
#	葱岭西麓	13810021	13810030																					
13810021	13	1	21	CJSH_quest_xinjia_1_6	藏宝图	极其诱人的神秘宝藏	1	0	0	4	1	-1	-1	-1	-1	-1	4	-1	-1	0	0	任务道具	-1	00ccff
#	大同路	13810031	13810040																					
13810031	13	1	31	CJSH_item_yaofen_1_8	紫金钵盂	神秘的法器蕴藏着更神秘的力量	1	0	0	4	1	-1	-1	-1	-1	-1	4	-1	-1	0	0	任务道具	-1	00ccff
13810032	13	1	32	CJSH_quest_rongqi_1_7	梅瓶	器形精致，画工细腻	1	0	0	4	5	-1	-1	-1	-1	-1	4	-1	-1	0	0	任务道具	-1	00ccff
#	济宁路	13810041	13810050																					
13810041	13	1	41	CJSH_item_wanfa_1_9	食物	香喷喷的食物勾起了每个人的食欲	1	0	0	4	100	-1	-1	-1	-1	-1	4	-1	-1	0	0	任务道具	-1	00ccff
13810042	13	1	42	CJSH_item_juqing_6	财宝	人的罪恶就来自于对财物的占有欲	1	0	0	4	100	-1	-1	-1	-1	-1	4	-1	-1	0	0	任务道具	-1	00ccff
13810043	13	1	43	CJSH_item_shujuan_1_1	孔子画像	唐朝吴道子的真迹价值连城	1	0	0	4	100	-1	-1	-1	-1	-1	4	-1	-1	0	0	任务道具	-1	00ccff
13810044	13	1	44	CJSH_quest_xinjia_1_7	论语	齐家治国的利器	1	0	0	4	100	-1	-1	-1	-1	-1	4	-1	-1	0	0	任务道具	-1	00ccff
13810045	13	1	45	CJSH_item_juqing_3	檀香	一炉祭奠华夏祖先的檀香	1	0	0	6	100	280000	-1	-1	-1	-1	4	-1	-1	0	0	任务道具	-1	00ccff
#	保定路																							
13810046	13	1	46	CJSH_item_juqing_6	戏服	箱D中存放着做工精美的戏服	1	0	0	6	100	-1	-1	-1	-1	-1	4	-1	-1	0	0	任务道具	-1	00ccff
13810047	13	1	47	CJSH_wanfa_add_5_8	玉佩	这曾是缘定终身的信物	1	0	0	6	100	-1	-1	-1	-1	-1	4	-1	-1	0	0	任务道具	-1	00ccff
13810048	13	1	48	CJSH_quest_xinjia_1_4	伪钞	伪造的“大元宝钞”可以以假乱真	1	0	0	6	100	-1	-1	-1	-1	-1	4	-1	-1	0	0	任务道具	-1	00ccff
13810049	13	1	49	CJSH_quest_xinjia_1_7	印钞刻板	盒子中装着可以印假钞的刻板	1	0	0	4	100	-1	-1	-1	-1	-1	4	-1	-1	0	0	任务道具	-1	00ccff
#	安庆路																							
13810050	13	1	50	CJSH_quest_rongqi_1_2	“黑将军”	罐中这个头很大的蟋蟀，不愧为蟋蟀中的将军	1	0	0	6	100	-1	-1	-1	-1	-1	4	-1	-1	0	0	任务道具	-1	00ccff
13810051	13	1	51	CJSH_item_wanfa_1_5	天蚕丝	江南水乡，盛产丝茧	1	0	0	6	100	-1	-1	-1	-1	-1	4	-1	-1	0	0	任务道具	-1	00ccff
13810052	13	1	52	CJSH_item_caoliao_1_6	胡杨麻	混合在丝织品中，会增加韧性	1	0	0	6	100	-1	-1	-1	-1	-1	4	-1	-1	0	0	任务道具	-1	00ccff
13810053	13	1	53	CJSH_item_wanfa_1_2	紫桃木	坚硬的木质让它成为制作织布机飞梭的首选材料	1	0	0	6	100	-1	-1	-1	-1	-1	4	-1	-1	0	0	任务道具	-1	00ccff
13810054	13	1	54	CJSH_quest_xinjia_1_7	罗贯中的书信	里面的内容不得而知，但罗贯中似乎再向谭老先生传达着什么。	1	0	0	6	100	-1	-1	-1	-1	-1	4	-1	-1	0	0	任务道具	-1	00ccff
#	大都个人玩法-生死财神																							
13810055	13	1	55	CJSH_item_wanfa_1_3	木槿	通常生长在南方的药材，有着去热，活血的功效。	1	0	0	4	1	-1	-1	-1	-1	-1	4	-1	-1	0	0	任务道具	-1	00ccff
13810056	13	1	56	CJSH_item_grass_1_8	水荷	水边生长的一味药材，清凉宁心。	1	0	0	4	5	-1	-1	-1	-1	-1	4	-1	-1	0	0	任务道具	-1	00ccff
13810057	13	1	57	CJSH_item_grass_1_11	白术  	健脾益气，燥湿利水的一味药材。	1	0	0	4	5	-1	-1	-1	-1	-1	4	-1	-1	0	0	任务道具	-1	00ccff
13810058	13	1	58	CJSH_item_grass_1_10	桑枝	桑树掉落的嫩枝，能治风寒湿痹。	1	0	0	4	5	-1	-1	-1	-1	-1	4	-1	-1	0	0	任务道具	-1	00ccff
13810059	13	1	59	CJSH_item_kuangshi_1_1	玄石	虽然看起来像石头，但是可以入药，有安神的作用。	1	0	0	4	5	-1	-1	-1	-1	-1	4	-1	-1	0	0	任务道具	-1	00ccff
13810060	13	1	60	CJSH_wanfa_add_4_4	龟甲	陈年的龟甲，可以入药。	1	0	0	4	5	-1	-1	-1	-1	-1	4	-1	-1	0	0	任务道具	-1	00ccff
13810061	13	1	61	CJSH_item_yu_1_2	蓝鲤	罕见的蓝色鲤鱼。	1	0	0	4	5	-1	-1	-1	-1	-1	4	-1	-1	0	0	任务道具	-1	00ccff
13810062	13	1	62	CJSH_item_yaowan_3_2	白果	原生江南，其形似小杏而核色白，名白果。	1	0	0	4	5	-1	-1	-1	-1	-1	4	-1	-1	0	0	任务道具	-1	00ccff
13810063	13	1	63	CJSH_item_wanfa_1_1	地龙	有祛风湿，利关节，行水气之功用。	1	0	0	4	5	-1	-1	-1	-1	-1	4	-1	-1	0	0	任务道具	-1	00ccff
13810064	13	1	64	CJSH_item_kuangshi_2_7	蚕蛹	治消渴热，并有安神宁心之功用。	1	0	0	4	5	-1	-1	-1	-1	-1	4	-1	-1	0	0	任务道具	-1	00ccff
13810065	13	1	65	CJSH_skill_saman_1_8	白额虎爪	白额虎之爪，【个人】生死财神任务中配药之物	1	0	0	4	5	-1	-1	-1	-1	-1	4	-1	-1	0	0	任务道具	-1	00ccff
13810066	13	1	66	CJSH_wanfa_add_1_7	铁背蜥尾	铁背蜥之尾，【个人】生死财神 任务中配药之物	1	0	0	4	5	-1	-1	-1	-1	-1	4	-1	-1	0	0	任务道具	-1	00ccff
13810067	13	1	67	CJSH_quest_qiguan_1_4	长牙豕心	长牙豕之心，【个人】生死财神任务中配药之物	1	0	0	4	5	-1	-1	-1	-1	-1	4	-1	-1	0	0	任务道具	-1	00ccff
13810068	13	1	68	CJSH_item_common_1_16	钢鬃狼胆	钢鬃狼之胆，【个人】生死财神任务中配药之物	1	0	0	4	5	-1	-1	-1	-1	-1	4	-1	-1	0	0	任务道具	-1	00ccff
13810069	13	1	69	CJSH_item_kuangshi_1_16	蓝耳狐血	蓝耳狐之血，【个人】生死财神任务中配药之物	1	0	0	4	5	-1	-1	-1	-1	-1	4	-1	-1	0	0	任务道具	-1	00ccff
13810070	13	1	70	CJSH_skill_qishe_1_15	渔网	常常用来捕捉河里的活物。	1	0	0	6	5	300567	-1	-1	-1	-1	4	-1	-1	0	0	任务道具	-1	00ccff
13810071	13	1	71	CJSH_skill_qishe_1_15	渔网	常常用来捕捉河里的活物。	1	0	0	6	5	300567	-1	-1	-1	-1	4	-1	-1	0	0	任务道具	-1	00ccff
13810072	13	1	72	CJSH_item_wanfa_1_2	木杆	一捆长长的木杆，可以将树上的果子敲打下来。	1	0	0	6	5	300567	-1	-1	-1	-1	4	-1	-1	0	0	任务道具	-1	00ccff
13810073	13	1	73	CJSH_item_common_1_6	钢铲	顺手的钢铲，用来挖掘。	1	0	0	6	5	300567	-1	-1	-1	-1	4	-1	-1	0	0	任务道具	-1	00ccff
13810074	13	1	74	CJSH_item_common_1_6	钢铲	顺手的钢铲，用来挖掘。	1	0	0	6	5	300567	-1	-1	-1	-1	4	-1	-1	0	0	任务道具	-1	00ccff
#	大都玩法-益者三友																							
13810080	13	1	100	CJSH_equip_dao_1_3	寒铁龙雀刀	寒铁打制，锋锐无比，可吹毛断发。	1	0	0	4	5	-1	-1	-1	-1	-1	4	-1	-1	0	0	任务道具	-1	00ccff
13810081	13	1	100	CJSH_equip_dao_1_3	玄铁龙雀刀	玄铁淬炼而成，取大剑无锋之意。	1	0	0	4	5	-1	-1	-1	-1	-1	4	-1	-1	0	0	任务道具	-1	00ccff
13810082	13	1	100	CJSH_equip_dao_1_3	大夏龙雀刀	本是中原一把名刀，不知何时流落至高丽，被奉为国宝。	1	0	0	4	5	-1	-1	-1	-1	-1	4	-1	-1	0	0	任务道具	-1	00ccff
13810083	13	1	101	CJSH_wanfa_add_3_4	东海黑珍珠	在高丽国附近深海中，有时能采集到稀有的东海黑珍珠。	1	0	0	4	5	-1	-1	-1	-1	-1	4	-1	-1	0	0	任务道具	-1	00ccff
13810084	13	1	101	CJSH_wanfa_add_3_4	东海珠	在高丽国附近的极深海底，有一种白玉蚌，相传偶然会有玉珍珠产于其中。	1	0	0	4	5	-1	-1	-1	-1	-1	4	-1	-1	0	0	任务道具	-1	00ccff
13810085	13	1	101	CJSH_wanfa_add_3_4	东海夜明珠	相传在高丽国附近的某个海域中，每隔五百年，会出现一颗夜明珠。	1	0	0	4	5	-1	-1	-1	-1	-1	4	-1	-1	0	0	任务道具	-1	00ccff
13810086	13	1	102	CJSH_item_shuji_1_4	名厨烧烤方	高丽名厨独门烧烤秘籍。	1	0	0	4	5	-1	-1	-1	-1	-1	4	-1	-1	0	0	任务道具	-1	00ccff
13810087	13	1	102	CJSH_item_shuji_1_4	神厨秘传方	记载着一些高丽国古怪的菜式。	1	0	0	4	5	-1	-1	-1	-1	-1	4	-1	-1	0	0	任务道具	-1	00ccff
13810088	13	1	102	CJSH_item_shuji_1_4	宫廷御膳方	高丽国独特的御膳秘方，听说其中不少菜式都是用各种蔬菜经过反复加工而成。	1	0	0	4	5	-1	-1	-1	-1	-1	4	-1	-1	0	0	任务道具	-1	00ccff
13810089	13	1	103	CJSH_item_maopi_1_1	裘皮袄	罕见的整张白狐皮做成的皮袄，有着辟邪，驱寒之效。	1	0	0	4	5	-1	-1	-1	-1	-1	4	-1	-1	0	0	任务道具	-1	00ccff
13810090	13	1	103	CJSH_item_maopi_1_1	紫貂裘皮袄	罕见的整张紫貂皮做成的皮袄，有着辟邪，驱寒之效。	1	0	0	4	5	-1	-1	-1	-1	-1	4	-1	-1	0	0	任务道具	-1	00ccff
13810091	13	1	103	CJSH_item_maopi_1_1	白虎裘皮袄	罕见的整张白虎皮做成的皮袄，有着辟邪，驱寒之效。	1	0	0	4	5	-1	-1	-1	-1	-1	4	-1	-1	0	0	任务道具	-1	00ccff
13810092	13	1	104	CJSH_item_grass_1_5	高丽参	高丽深山中的老山参，传说有着起死回生之效。	1	0	0	4	5	-1	-1	-1	-1	-1	4	-1	-1	0	0	任务道具	-1	00ccff
13810093	13	1	104	CJSH_item_grass_1_5	高丽五品参	高丽深山中的老山参，传说有着起死回生之效。	1	0	0	4	5	-1	-1	-1	-1	-1	4	-1	-1	0	0	任务道具	-1	00ccff
13810094	13	1	104	CJSH_item_grass_1_5	高丽七品参	高丽深山中的老山参，传说有着起死回生之效。	1	0	0	4	5	-1	-1	-1	-1	-1	4	-1	-1	0	0	任务道具	-1	00ccff
13810095	13	1	105	CJSH_item_kuangshi_2_14	五尺珊瑚树	较深的海域内可以采集到的珊瑚树，价格非常昂贵	1	0	0	4	5	-1	-1	-1	-1	-1	4	-1	-1	0	0	任务道具	-1	00ccff
13810096	13	1	105	CJSH_item_kuangshi_2_14	七尺珊瑚树	高达七尺的珊瑚树，非深海绝地不可见	1	0	0	4	5	-1	-1	-1	-1	-1	4	-1	-1	0	0	任务道具	-1	00ccff
13810097	13	1	105	CJSH_item_kuangshi_2_14	九尺珊瑚树	世间罕见的九尺高的珊瑚树，历史上仅有“陶朱公”曾经收藏	1	0	0	4	5	-1	-1	-1	-1	-1	4	-1	-1	0	0	任务道具	-1	00ccff
13810098	13	1	106	CJSH_item_baoshi_6_12	金丝玉如意	玉质的如意饰品，上嵌金丝	1	0	0	4	5	-1	-1	-1	-1	-1	4	-1	-1	0	0	任务道具	-1	00ccff
13810099	13	1	106	CJSH_item_baoshi_6_12	翡翠玉如意	纯正的翡翠所做成的玉如意，做工精美质地优良	1	0	0	4	5	-1	-1	-1	-1	-1	4	-1	-1	0	0	任务道具	-1	00ccff
13810100	13	1	106	CJSH_item_baoshi_6_12	七宝玉如意	镶嵌了七种宝物的玉如意，夜晚之时宝物所放的光芒足以照亮	1	0	0	4	5	-1	-1	-1	-1	-1	4	-1	-1	0	0	任务道具	-1	00ccff
13810101	13	1	107	CJSH_item_chengshuidaoju_1_10	琉璃碗	镶嵌着珍珠的琉璃碗，异常珍贵	1	0	0	4	5	-1	-1	-1	-1	-1	4	-1	-1	0	0	任务道具	-1	00ccff
13810102	13	1	107	CJSH_item_chengshuidaoju_1_10	雕金琉璃碗	外镶金边的琉璃碗，其做工精美堪称一绝	1	0	0	4	5	-1	-1	-1	-1	-1	4	-1	-1	0	0	任务道具	-1	00ccff
13810103	13	1	107	CJSH_item_chengshuidaoju_1_10	七彩琉璃碗	传说是仙人所制作的一只琉璃碗，碗身七种色彩，绚丽夺目	1	0	0	4	5	-1	-1	-1	-1	-1	4	-1	-1	0	0	任务道具	-1	00ccff
13810104	13	1	108	CJSH_item_wanfa_1_2	丹阳木	传说中神仙用来制作酒具的木头，十分罕见	1	0	0	4	5	-1	-1	-1	-1	-1	4	-1	-1	0	0	任务道具	-1	00ccff
13810105	13	1	108	CJSH_item_wanfa_1_2	千年丹阳木	极为罕见的千年丹阳木，传说用它制成的酒杯饮酒可以长生不老	1	0	0	4	5	-1	-1	-1	-1	-1	4	-1	-1	0	0	任务道具	-1	00ccff
13810106	13	1	108	CJSH_item_wanfa_1_2	万年丹阳木	传说西王母所用的酒杯就是这种万年丹阳木所制……	1	0	0	4	5	-1	-1	-1	-1	-1	4	-1	-1	0	0	任务道具	-1	00ccff
13810107	13	1	109	CJSH_item_yaowan_1_10	补气雪蛤丹	用深山雪蛤油所制成的药丹，是润肺补血的灵药	1	0	0	4	5	-1	-1	-1	-1	-1	4	-1	-1	0	0	任务道具	-1	00ccff
13810108	13	1	109	CJSH_item_yaowan_1_10	人参雪蛤丹	七品人参与天山雪蛤油所制成的药丸，益气补血，延年益寿	1	0	0	4	5	-1	-1	-1	-1	-1	4	-1	-1	0	0	任务道具	-1	00ccff
13810109	13	1	109	CJSH_item_yaowan_1_10	玉蟾雪蛤丹	千年雪参和冰山雪蛤配制而成的大补之药，传说中此药连服7年可白日升仙	1	0	0	4	5	-1	-1	-1	-1	-1	4	-1	-1	0	0	任务道具	-1	00ccff
#	大都玩法-紫青宝剑																							
13810110	13	1	110	CJSH_equip_fushoujian_2_5	紫青宝剑	紫青色相交的一把宝剑，华贵无比。据说此剑内有灵性，可自行寻主。#G(右键点击使用)	1	0	0	6	5	300574	-1	-1	-1	-1	4	-1	-1	0	0	任务道具	-1	00ccff
#	威海玩法-东海海图																							
13810120	13	1	120	CJSH_quest_xinjia_1_2	东海海图	此图详尽的绘制了东海海岸及海中所有的地形地貌，为马可波罗历经数年心血亲手绘制。	1	0	0	4	5	-1	-1	-1	-1	-1	4	-1	-1	0	0	任务道具	-1	00ccff
13810121	13	1	121	CJSH_equip_dao_1_1	波斯弯刀	一柄寒光闪闪的波斯湾刀。	1	0	0	4	5	-1	-1	-1	-1	-1	4	-1	-1	0	0	任务道具	-1	00ccff
13810122	13	1	122	CJSH_item_kuangshi_2_6	安南红果	一颗鲜美可口的安南红果。	1	0	0	4	5	-1	-1	-1	-1	-1	4	-1	-1	0	0	任务道具	-1	00ccff
13810123	13	1	123	CJSH_equip_dao_2_7	东瀛太刀	一把做工细致的东瀛长刀。	1	0	0	4	5	-1	-1	-1	-1	-1	4	-1	-1	0	0	任务道具	-1	00ccff
13810124	13	1	124	CJSH_item_kuangshi_2_2	缅国翡翠	一枚雕琢精美的缅国翡翠。	1	0	0	4	5	-1	-1	-1	-1	-1	4	-1	-1	0	0	任务道具	-1	00ccff
13810125	13	1	125	CJSH_wanfa_add_3_5	爪哇海珠	一颗珍贵无比的爪哇海珠。	1	0	0	4	5	-1	-1	-1	-1	-1	4	-1	-1	0	0	任务道具	-1	00ccff
13810126	13	1	126	CJSH_wanfa_add_5_2	吕宋香料	一袋香味奇特的吕宋香料。	1	0	0	4	5	-1	-1	-1	-1	-1	4	-1	-1	0	0	任务道具	-1	00ccff
13810127	13	1	127	CJSH_item_shuji_1_4	印度佛经	一本样式古朴的印度佛经。	1	0	0	4	5	-1	-1	-1	-1	-1	4	-1	-1	0	0	任务道具	-1	00ccff
13810128	13	1	128	CJSH_item_wanfa_1_13	埃及石雕	一块风格奇异的埃及石雕。	1	0	0	4	5	-1	-1	-1	-1	-1	4	-1	-1	0	0	任务道具	-1	00ccff
13810129	13	1	129	CJSH_item_bupi_1_5	江南紫绸	一匹做工精细的江南紫绸。	1	0	0	4	5	-1	-1	-1	-1	-1	4	-1	-1	0	0	任务道具	-1	00ccff
#	威海玩法-倾城火雷																							
13810140	13	1	140	CJSH_item_xiangzi_1_6	火雷弹	黑黝黝的火雷弹，蕴藏着巨大的破坏力。	1	0	0	4	5	-1	-1	-1	-1	-1	4	-1	-1	0	0	任务道具	-1	00ccff
13810141	13	1	141	CJSH_item_xiangzi_1_6	火雷弹	黑黝黝的火雷弹，蕴藏着巨大的破坏力。	1	0	0	4	5	-1	-1	-1	-1	-1	4	-1	-1	0	0	任务道具	-1	00ccff
13810142	13	1	142	CJSH_item_xiangzi_1_6	火雷弹	黑黝黝的火雷弹，蕴藏着巨大的破坏力。	1	0	0	4	5	-1	-1	-1	-1	-1	4	-1	-1	0	0	任务道具	-1	00ccff
13810143	13	1	143	CJSH_item_xiangzi_1_6	火雷弹	黑黝黝的火雷弹，蕴藏着巨大的破坏力。	1	0	0	4	5	-1	-1	-1	-1	-1	4	-1	-1	0	0	任务道具	-1	00ccff
13810144	13	1	144	CJSH_item_xiangzi_1_6	火雷弹	黑黝黝的火雷弹，蕴藏着巨大的破坏力。	1	0	0	4	5	-1	-1	-1	-1	-1	4	-1	-1	0	0	任务道具	-1	00ccff
13810145	13	1	145	CJSH_item_xiangzi_1_6	火雷弹	黑黝黝的火雷弹，蕴藏着巨大的破坏力。	1	0	0	4	5	-1	-1	-1	-1	-1	4	-1	-1	0	0	任务道具	-1	00ccff
13810146	13	1	146	CJSH_item_xiangzi_1_6	火雷弹	黑黝黝的火雷弹，蕴藏着巨大的破坏力。	1	0	0	4	5	-1	-1	-1	-1	-1	4	-1	-1	0	0	任务道具	-1	00ccff
13810147	13	1	147	CJSH_item_xiangzi_1_6	火雷弹	黑黝黝的火雷弹，蕴藏着巨大的破坏力。	1	0	0	4	5	-1	-1	-1	-1	-1	4	-1	-1	0	0	任务道具	-1	00ccff
13810148	13	1	148	CJSH_item_xiangzi_1_6	火雷弹	黑黝黝的火雷弹，蕴藏着巨大的破坏力。	1	0	0	4	5	-1	-1	-1	-1	-1	4	-1	-1	0	0	任务道具	-1	00ccff
13810149	13	1	149	CJSH_item_xiangzi_1_6	火雷弹	黑黝黝的火雷弹，蕴藏着巨大的破坏力。	1	0	0	4	5	-1	-1	-1	-1	-1	4	-1	-1	0	0	任务道具	-1	00ccff
13810150	13	1	150	CJSH_item_xiangzi_1_6	火雷弹	黑黝黝的火雷弹，蕴藏着巨大的破坏力。	1	0	0	4	5	-1	-1	-1	-1	-1	4	-1	-1	0	0	任务道具	-1	00ccff
13810151	13	1	151	CJSH_item_zipian_1_1	火雷弹安放图	此图绘制潦草，看起来是在仓促之下绘制而成，可惜的是，并没有明确标示出火雷弹的埋放地点。	1	0	0	6	5	300579	-1	-1	-1	-1	4	-1	-1	0	0	任务道具	-1	00ccff
#	三环任务（通缉令）																							
13810160	13	1	160	CJSH_item_chouren_2	三环追踪符	探寻从三环副本逃亡怪物的咒符。#r #r#g三环任务（通缉令）#cC8B88E任务中使用，可获得目标怪物方位。#r #r领取任务三环任务（通缉令）获得。	1	0	0	6	5	270356	-1	-1	-1	-1	4	-1	-1	0	0	任务道具	-1	00ccff
#	成2楼兰王国																							
13810200	13	6	1	CJSH_quest_rongqi_1_3	大水囊	一个很大的皮质水囊，应该可以装很多水。	1	0	0	6	10	413326	-1	-1	-1	-1	4	-1	-1	0	0	任务道具	-1	00ccff
13810201	13	2	211	CJSH_skill_player_3_15	巫师法器	其中充满了极寒的力量的法器，据说是北极之神的东西。	1	0	0	4	1	-1	-1	-1	-1	-1	4	-1	-1	0	0	任务道具	-1	00ccff
13810202	13	1	2	CJSH_item_shuji_1_2	马可波罗游记	马可波罗在大元游历了多年后写成的一本书。	1	0	0	4	100	-1	-1	-1	-1	-1	4	-1	-1	0	0	任务道具	-1	00ccff
13810203	13	6	12	CJSH_quest_rongqi_1_3	装满水的皮囊	装满了清水的皮囊，足够几个人饮用	1	0	0	4	10	-1	-1	-1	-1	-1	4	-1	-1	0	0	任务道具	-1	00ccff
#	成2昆仑王国																							
13810250	13	1	250	CJSH_item_chengshuidaoju_1_10	金锭	一颗硕大的铭刻着女真文的金锭，正在闪闪发光。	1	0	0	4	1	-1	-1	-1	-1	-1	4	-1	-1	0	0	任务道具	-1	00ccff
13810251	13	1	251	CJSH_item_chengshuidaoju_1_10	密信	一封密封着的信，信封上写着几个女真文。	1	0	0	4	1	-1	-1	-1	-1	-1	4	-1	-1	0	0	任务道具	-1	00ccff
13810252	13	6	252	CJSH_quest_rongqi_1_3	大水囊	一个很大的皮质水囊，应该可以装很多水。	1	0	0	6	10	400219	-1	-1	-1	-1	4	-1	-1	0	0	任务道具	-1	00ccff
13810253	13	6	253	CJSH_quest_rongqi_1_3	装满水的皮囊	装满了清水的皮囊，足够十几个人饮用	1	0	0	4	10	-1	-1	-1	-1	-1	4	-1	-1	0	0	任务道具	-1	00ccff
13810254	13	1	254	CJSH_item_maopi_1_1	木棉袈裟	昆仑王国的镇国之宝――木棉袈裟。	1	0	0	4	100	-1	-1	-1	-1	-1	4	-1	-1	0	0	任务道具	-1	00ccff
13810255	13	1	255	CJSH_item_shujuan_1_5	信件	完颜守襄送给昆仑国王兀良哈台的一封信。	1	0	0	4	10	-1	-1	-1	-1	-1	4	-1	-1	0	0	任务道具	-1	00ccff
13810256	13	1	256	CJSH_item_chengshuidaoju_1_10	烟火	祭祀上苍所用的烟火。	1	0	0	6	1	400221	-1	-1	-1	-1	4	-1	-1	0	0	任务道具	-1	00ccff
13810257	13	1	257	CJSH_quest_xinjia_1_9	炸弹	威力巨大的炸弹，声音能传播三十里！	1	0	0	6	1	400220	-1	-1	-1	-1	4	-1	-1	0	0	任务道具	-1	00ccff
13810258	13	1	258	CJSH_item_chengshuidaoju_1_10	契丹金戈	西辽开国皇帝耶律大石曾用过的黄金长戈。	1	0	0	4	1	-1	-1	-1	-1	-1	4	-1	-1	0	0	任务道具	-1	00ccff
13810259	13	1	259	CJSH_item_chengshuidaoju_1_10	木棉袈裟	昆仑王国的国宝、佛门圣物――木棉袈裟。	1	0	0	4	1	-1	-1	-1	-1	-1	4	-1	-1	0	0	任务道具	-1	00ccff
13810260	13	1	260	CJSH_item_baoshi_3_2	解药	以熊胆为药引制成的解药。	1	0	0	4	1	-1	-1	-1	-1	-1	4	-1	-1	0	0	任务道具	-1	00ccff
#	成2太行山																							
13810261	13	1	261	CJSH_quest_xinjia_1_9	白熊皮	一张巨大的白熊皮，抚摸上去异常柔软、暖和。	1	0	0	4	1	-1	-1	-1	-1	-1	4	-1	-1	0	0	任务道具	-1	00ccff
#	成2敦煌王国																							
13810398	13	1	398	CJSH_item_juqing_1	豺狗肉	新鲜的豺狗肉，草原上的美味。	1	0	0	4	5	-1	-1	-1	-1	-1	4	-1	-1	0	0	任务道具	-1	00ccff
13810399	13	1	399	CJSH_item_kuangshi_1_1	石块	一块形状周正，质地坚硬的石头。	1	0	0	4	5	-1	-1	-1	-1	-1	4	-1	-1	0	0	任务道具	-1	00ccff
#	成2泰山																							
13810400	13	1	400	CJSH_quest_xinjia_1_9	祭天颂文	姚枢写的一篇文采飞扬的祭天颂文。	1	0	0	4	1	-1	-1	-1	-1	-1	4	-1	-1	0	0	任务道具	-1	00ccff
#	成2秦岭																							
13810410	13	1	401	CJSH_equip_gu_2_7	堪舆罗盘	李志常法师的堪舆罗盘，能勘测天下宝物！	1	0	0	6	1	400222	-1	-1	-1	-1	4	-1	-1	0	0	任务道具	-1	00ccff
