INT	STRING	INT	INT	INT	INT	INT	INT	INT	INT	INT	INT	INT	INT	INT	INT	INT	INT	INT	INT	INT	STRING	STRING
index	名称	ResultID	ResultNum	对应技能ID	技能等级需求（此列最低填1）	Stuff1ID	Stuff1num	Stuff2ID	Stuff2num	Stuff3ID	Stuff3num	Stuff4ID	Stuff4num	活力需求	冷却时间(毫秒)	需求工具ID	冷却组ID	增加熟练度	操作时间	脚本ID	详细描述	树结构名称
0	天罡止血散	12010200	1	1	1	11020001	3	11990201	1	-1	-1	-1	-1	10	0	-1	-1	3	5000	-1		恢复药水
1	伸筋活血酒	12010300	1	1	1	11020001	3	11990201	1	-1	-1	-1	-1	10	0	-1	-1	3	5000	-1		恢复药水
2	小怒气丹	12020001	1	1	1	11020002	3	11990201	1	-1	-1	-1	-1	10	0	-1	-1	3	5000	-1		恢复药水
3	小疾风丹	12020002	1	1	1	11020002	3	11990201	1	-1	-1	-1	-1	10	0	-1	-1	3	5000	-1		恢复药水
4	小通络丹	12020003	1	1	1	11020002	3	11990201	1	-1	-1	-1	-1	10	0	-1	-1	3	5000	-1		恢复药水
5	小威灵丹	12020004	1	1	1	11020002	3	11990201	1	-1	-1	-1	-1	10	0	-1	-1	3	5000	-1		恢复药水
6	小玄冥丹	12020005	1	1	1	11020002	3	11990201	1	-1	-1	-1	-1	10	0	-1	-1	3	5000	-1		恢复药水
7	小理气丹	12020006	1	1	1	11020002	3	11990201	1	-1	-1	-1	-1	10	0	-1	-1	3	5000	-1		恢复药水
8	小神力丸	12041011	1	1	2	11020001	9	11990202	1	-1	-1	-1	-1	20	0	-1	-1	3	5000	-1		增强药水
9	小仙火丸	12041031	1	1	2	11020001	9	11990202	1	-1	-1	-1	-1	20	0	-1	-1	3	5000	-1		增强药水
10	小魔道丸	12041021	1	1	2	11020001	9	11990202	1	-1	-1	-1	-1	20	0	-1	-1	3	5000	-1		增强药水
11	极乐草	12050009	1	1	2	11020001	12	-1	-1	-1	-1	-1	-1	20	0	-1	-1	3	5000	-1		马道具
12	小神甲丸	12041060	1	1	2	11020002	9	11990202	1	-1	-1	-1	-1	20	0	-1	-1	3	5000	-1		增强药水
13	小神运丸	12041080	1	1	2	11020002	9	11990202	1	-1	-1	-1	-1	20	0	-1	-1	3	5000	-1		增强药水
14	小神护丹	12041070	1	1	2	11020002	9	11990202	1	-1	-1	-1	-1	20	0	-1	-1	3	5000	-1		增强药水
15	天王补心丹	12010201	1	1	3	11020006	4	11990203	1	-1	-1	-1	-1	30	0	-1	-1	3	5000	-1		恢复药水
16	龟鹿二仙胶	12010301	1	1	3	11020006	4	11990203	1	-1	-1	-1	-1	30	0	-1	-1	3	5000	-1		恢复药水
17	中怒气丹	12020011	1	1	3	11020007	4	11990203	1	-1	-1	-1	-1	30	0	-1	-1	3	5000	-1		恢复药水
18	中疾风丹	12020012	1	1	3	11020007	4	11990203	1	-1	-1	-1	-1	30	0	-1	-1	3	5000	-1		恢复药水
19	中通络丹	12020013	1	1	3	11020007	4	11990203	1	-1	-1	-1	-1	30	0	-1	-1	3	5000	-1		恢复药水
20	中威灵丹	12020014	1	1	3	11020007	4	11990203	1	-1	-1	-1	-1	30	0	-1	-1	3	5000	-1		恢复药水
21	中玄冥丹	12020015	1	1	3	11020007	4	11990203	1	-1	-1	-1	-1	30	0	-1	-1	3	5000	-1		恢复药水
22	中理气丹	12020016	1	1	3	11020007	4	11990203	1	-1	-1	-1	-1	30	0	-1	-1	3	5000	-1		恢复药水
23	回阳救逆丸	12041041	1	1	4	11020006	12	11990204	1	11020501	1	-1	-1	40	0	-1	-1	3	5000	-1		增强药水
24	中神力丸	12041012	1	1	4	11020006	12	11990204	1	11020501	1	-1	-1	40	0	-1	-1	3	5000	-1		增强药水
25	中仙火丸	12041032	1	1	4	11020006	12	11990204	1	11020501	1	-1	-1	40	0	-1	-1	3	5000	-1		增强药水
26	中魔道丸	12041022	1	1	4	11020006	12	11990204	1	11020501	1	-1	-1	40	0	-1	-1	3	5000	-1		增强药水
27	中神甲丸	12041061	1	1	4	11020007	12	11990204	1	11020501	1	-1	-1	40	0	-1	-1	3	5000	-1		增强药水
28	中神运丸	12041081	1	1	4	11020007	12	11990204	1	11020501	1	-1	-1	40	0	-1	-1	3	5000	-1		增强药水
29	中神护丸	12041071	1	1	4	11020007	12	11990204	1	11020501	1	-1	-1	40	0	-1	-1	3	5000	-1		增强药水
30	桂苓甘露散	12010202	1	1	5	11020010	5	11990205	1	11020501	1	-1	-1	50	0	-1	-1	3	5000	-1		恢复药水
31	云灵五菌汤	12010302	1	1	5	11020010	5	11990205	1	11020501	1	-1	-1	50	0	-1	-1	3	5000	-1		恢复药水
32	大怒气丹	12020021	1	1	5	11020011	5	11990205	1	11020501	1	-1	-1	50	0	-1	-1	3	5000	-1		恢复药水
33	大疾风丹	12020022	1	1	5	11020011	5	11990205	1	11020501	1	-1	-1	50	0	-1	-1	3	5000	-1		恢复药水
34	大通络丹	12020023	1	1	5	11020011	5	11990205	1	11020501	1	-1	-1	50	0	-1	-1	3	5000	-1		恢复药水
35	大威灵丹	12020024	1	1	5	11020011	5	11990205	1	11020501	1	-1	-1	50	0	-1	-1	3	5000	-1		恢复药水
36	大玄冥丹	12020025	1	1	5	11020011	5	11990205	1	11020501	1	-1	-1	50	0	-1	-1	3	5000	-1		恢复药水
37	大理气丹	12020026	1	1	5	11020011	5	11990205	1	11020501	1	-1	-1	50	0	-1	-1	3	5000	-1		恢复药水
38	参灵正气丸	12041042	1	1	6	11020010	15	11990206	1	11020502	1	-1	-1	60	0	-1	-1	3	5000	-1		增强药水
39	大神力丸	12041013	1	1	6	11020011	15	11990206	1	11020502	1	-1	-1	60	0	-1	-1	3	5000	-1		增强药水
40	大仙火丸	12041033	1	1	6	11020011	15	11990206	1	11020502	1	-1	-1	60	0	-1	-1	3	5000	-1		增强药水
41	大魔道丸	12041023	1	1	6	11020011	15	11990206	1	11020502	1	-1	-1	60	0	-1	-1	3	5000	-1		增强药水
42	大神甲丸	12041062	1	1	6	11020010	15	11990206	1	11020502	1	-1	-1	60	0	-1	-1	3	5000	-1		增强药水
43	大神运丸	12041082	1	1	6	11020010	15	11990206	1	11020502	1	-1	-1	60	0	-1	-1	3	5000	-1		增强药水
44	大神护丸	12041072	1	1	6	11020010	15	11990206	1	11020502	1	-1	-1	60	0	-1	-1	3	5000	-1		增强药水
45	仙方活命饮	12010203	1	1	7	11020014	6	11990207	1	11020502	1	-1	-1	70	0	-1	-1	3	5000	-1		恢复药水
46	参茸还魂膏	12010303	1	1	7	11020014	6	11990207	1	11020502	1	-1	-1	70	0	-1	-1	3	5000	-1		恢复药水
47	玄参怒气丹	12020031	1	1	7	11020015	6	11990207	1	11020502	1	12020001	1	70	0	-1	-1	3	5000	-1		恢复药水
48	水玉疾风丹	12020032	1	1	7	11020015	6	11990207	1	11020502	1	12020002	1	70	0	-1	-1	3	5000	-1		恢复药水
49	麝香通络丹	12020033	1	1	7	11020015	6	11990207	1	11020502	1	12020003	1	70	0	-1	-1	3	5000	-1		恢复药水
50	遂火威灵丹	12020034	1	1	7	11020015	6	11990207	1	11020502	1	12020004	1	70	0	-1	-1	3	5000	-1		恢复药水
51	昊天玄冥丹	12020035	1	1	7	11020015	6	11990207	1	11020502	1	12020005	1	70	0	-1	-1	3	5000	-1		恢复药水
52	神农理气丹	12020036	1	1	7	11020015	6	11990207	1	11020502	1	12020006	1	70	0	-1	-1	3	5000	-1		恢复药水
53	初级黄刚玉	14030001	1	2	1	11030001	9	11030601	1	-1	-1	-1	-1	30	0	-1	-1	9	5000	-1		黄宝石
54	初级黄锆石	14030006	1	2	1	11030001	9	11030601	1	-1	-1	-1	-1	30	0	-1	-1	9	5000	-1		黄宝石
55	初级黄琉璃	14030011	1	2	1	11030001	9	11030601	1	-1	-1	-1	-1	30	0	-1	-1	9	5000	-1		黄宝石
56	初级红变石	14010001	1	2	2	11030001	27	11030601	1	-1	-1	-1	-1	60	0	-1	-1	9	5000	-1		红宝石
57	初级红琥珀	14010006	1	2	2	11030001	27	11030601	1	-1	-1	-1	-1	60	0	-1	-1	9	5000	-1		红宝石
58	初级红锆石	14010011	1	2	2	11030001	27	11030601	1	-1	-1	-1	-1	60	0	-1	-1	9	5000	-1		红宝石
59	赤铜钻	11000100	1	2	1	11030001	9	11030632	1	-1	-1	-1	-1	30	0	-1	-1	9	5000	-1		打孔道具
60	初级蓝玛瑙	14040001	1	2	2	11030001	27	11030601	1	-1	-1	-1	-1	60	0	-1	-1	9	5000	-1		蓝宝石
61	初级绿柱石	14020001	1	2	1	11030001	9	11030601	1	-1	-1	-1	-1	30	0	-1	-1	9	5000	-1		绿宝石
62	初级绿晶石	14020006	1	2	1	11030001	9	11030601	1	-1	-1	-1	-1	30	0	-1	-1	9	5000	-1		绿宝石
63	初级绿碧玺	14020011	1	2	1	11030001	9	11030601	1	-1	-1	-1	-1	30	0	-1	-1	9	5000	-1		绿宝石
64	6格包	19010001	1	2	2	11030001	100	11030601	1	-1	-1	-1	-1	60	0	-1	-1	9	5000	-1		背包
65	中级黄刚玉	14030002	1	2	3	11030003	12	11030602	1	11030501	2	-1	-1	90	0	-1	-1	9	5000	-1		黄宝石
66	中级黄锆石	14030007	1	2	3	11030003	12	11030602	1	11030501	2	-1	-1	90	0	-1	-1	9	5000	-1		黄宝石
67	中级黄琉璃	14030012	1	2	3	11030003	12	11030602	1	11030501	2	-1	-1	90	0	-1	-1	9	5000	-1		黄宝石
68	中级红变石	14010002	1	2	4	11030003	36	11030602	1	11030501	3	-1	-1	120	0	-1	-1	9	5000	-1		红宝石
69	中级红琥珀	14010007	1	2	4	11030003	36	11030602	1	11030501	3	-1	-1	120	0	-1	-1	9	5000	-1		红宝石
70	中级红锆石	14010012	1	2	4	11030003	36	11030602	1	11030501	3	-1	-1	120	0	-1	-1	9	5000	-1		红宝石
71	生铁钻	11000101	1	2	3	11030003	12	11030603	1	11030501	2	-1	-1	90	0	-1	-1	9	5000	-1		打孔道具
72	中级蓝玛瑙	14040002	1	2	4	11030003	36	11030602	1	11030501	3	-1	-1	120	0	-1	-1	9	5000	-1		蓝宝石
73	中级绿柱石	14020002	1	2	3	11030003	12	11030602	1	11030501	2	-1	-1	90	0	-1	-1	9	5000	-1		绿宝石
74	中级绿晶石	14020007	1	2	3	11030003	12	11030602	1	11030501	2	-1	-1	90	0	-1	-1	9	5000	-1		绿宝石
75	中级绿碧玺	14020012	1	2	3	11030003	12	11030602	1	11030501	2	-1	-1	90	0	-1	-1	9	5000	-1		绿宝石
76	白玉钻	11000102	1	2	5	11030005	15	11030604	1	11030502	3	-1	-1	150	0	-1	-1	9	5000	-1		打孔道具
77	12格包	19010002	1	2	4	11030003	200	11030605	1	11030501	10	-1	-1	120	0	-1	-1	9	5000	-1		背包
78	中级蓝辉石	14040006	1	2	4	11030003	36	11030606	1	11030501	3	-1	-1	120	0	-1	-1	9	5000	-1		蓝宝石
79	高级金光石	14040011	1	2	5	11030005	15	11030607	1	11030502	3	-1	-1	150	0	-1	-1	9	5000	-1		蓝宝石
80	高级红龙晶	14010016	1	2	5	11030005	15	11030608	1	11030502	3	-1	-1	150	0	-1	-1	9	5000	-1		红宝石
81	高级绿龙晶	14020016	1	2	5	11030005	15	11030609	1	11030502	3	-1	-1	150	0	-1	-1	9	5000	-1		绿宝石
82	高级黄龙晶	14030016	1	2	5	11030005	15	11030610	1	11030502	3	-1	-1	150	0	-1	-1	9	5000	-1		黄宝石
83	高级蓝龙晶	14040016	1	2	5	11030005	15	11030611	1	11030502	3	-1	-1	150	0	-1	-1	9	5000	-1		蓝宝石
84	高级红玉髓	14010021	1	2	5	11030005	15	11030612	1	11030502	3	-1	-1	150	0	-1	-1	9	5000	-1		红宝石
85	高级绿玉髓	14020021	1	2	5	11030005	15	11030613	1	11030502	3	-1	-1	150	0	-1	-1	9	5000	-1		绿宝石
86	高级黄玉髓	14030021	1	2	5	11030005	15	11030614	1	11030502	3	-1	-1	150	0	-1	-1	9	5000	-1		黄宝石
87	高级蓝玉髓	14040021	1	2	5	11030005	15	11030615	1	11030502	3	-1	-1	150	0	-1	-1	9	5000	-1		蓝宝石
88	高级红猫眼	14010026	1	2	5	11030005	15	11030616	1	11030502	3	-1	-1	150	0	-1	-1	9	5000	-1		红宝石
89	高级绿猫眼	14020026	1	2	5	11030005	15	11030617	1	11030502	3	-1	-1	150	0	-1	-1	9	5000	-1		绿宝石
90	高级黄猫眼	14030026	1	2	5	11030005	15	11030618	1	11030502	3	-1	-1	150	0	-1	-1	9	5000	-1		黄宝石
91	高级蓝猫眼	14040026	1	2	5	11030005	15	11030619	1	11030502	3	-1	-1	150	0	-1	-1	9	5000	-1		蓝宝石
92	高级黄刚玉	14030003	1	2	6	11030005	45	11030620	1	11030502	3	-1	-1	180	0	-1	-1	9	5000	-1		黄宝石
93	高级黄锆石	14030008	1	2	6	11030005	45	11030620	1	11030502	3	-1	-1	180	0	-1	-1	9	5000	-1		黄宝石
94	高级黄琉璃	14030013	1	2	6	11030005	45	11030620	1	11030502	3	-1	-1	180	0	-1	-1	9	5000	-1		黄宝石
95	高级红变石	14010003	1	2	6	11030005	45	11030620	1	11030502	3	-1	-1	180	0	-1	-1	9	5000	-1		红宝石
96	高级红琥珀	14010008	1	2	6	11030005	45	11030620	1	11030502	3	-1	-1	180	0	-1	-1	9	5000	-1		红宝石
97	高级红锆石	14010013	1	2	6	11030005	45	11030620	1	11030502	3	-1	-1	180	0	-1	-1	9	5000	-1		红宝石
98	白玉	11000103	1	2	7	11030007	200	11030626	1	11030502	4	-1	-1	210	0	-1	-1	9	5000	-1		打孔道具
99	高级蓝玛瑙	14040003	1	2	6	11030005	45	11030620	1	11030502	3	-1	-1	180	0	-1	-1	9	5000	-1		蓝宝石
100	高级绿柱石	14020003	1	2	6	11030005	45	11030620	1	11030502	3	-1	-1	180	0	-1	-1	9	5000	-1		绿宝石
101	高级绿晶石	14020008	1	2	6	11030005	45	11030620	1	11030502	3	-1	-1	180	0	-1	-1	9	5000	-1		绿宝石
102	高级绿碧玺	14020013	1	2	6	11030005	45	11030620	1	11030502	3	-1	-1	180	0	-1	-1	9	5000	-1		绿宝石
103	血玉髓	11000104	1	2	7	11030007	200	11030631	1	11030502	4	-1	-1	210	0	-1	-1	9	5000	-1		打孔道具
104	鲜花	12110202	1	1	1	-1	-1	-1	-1	-1	-1	-1	-1	30	0	-1	-1	3	5000	-1		好友道具
105	金叶子	12110205	1	1	5	12110202	5	-1	-1	-1	-1	-1	-1	140	0	-1	-1	3	5000	-1		好友道具
106	铜矿石	11010001	1	2	1	11030301	10	-1	-1	-1	-1	-1	-1	90	0	-1	-1	9	5000	-1		熔炼
107	莹石矿石	11010002	1	2	2	11030302	10	-1	-1	-1	-1	-1	-1	180	0	-1	-1	9	5000	-1		熔炼
108	锡矿石	11010003	1	2	3	11030303	10	-1	-1	-1	-1	-1	-1	270	0	-1	-1	9	5000	-1		熔炼
109	青铜钻	11000110	1	2	1	11030001	9	11030633	1	-1	-1	-1	-1	30	0	-1	-1	9	5000	-1		打孔道具
110	铸铁钻	11000111	1	2	3	11030003	12	11030634	1	11030501	2	-1	-1	90	0	-1	-1	9	5000	-1		打孔道具
111	圣徒级黄刚玉	14030004	1	2	7	14030003	5	14030002	5	11030502	12	-1	-1	360	0	-1	-1	9	5000	-1		黄宝石
112	圣徒级黄锆石	14030009	1	2	7	14030008	5	14030007	5	11030502	12	-1	-1	360	0	-1	-1	9	5000	-1		黄宝石
113	圣徒级黄琉璃	14030014	1	2	7	14030013	5	14030012	5	11030502	12	-1	-1	360	0	-1	-1	9	5000	-1		黄宝石
114	圣徒级绿柱石	14020004	1	2	7	14010003	5	14010002	5	11030502	12	-1	-1	360	0	-1	-1	9	5000	-1		绿宝石
115	圣徒级绿晶石	14020009	1	2	7	14010008	5	14010007	5	11030502	12	-1	-1	360	0	-1	-1	9	5000	-1		绿宝石
116	圣徒级绿碧玺	14020014	1	2	7	14010013	5	14010012	5	11030502	12	-1	-1	360	0	-1	-1	9	5000	-1		绿宝石
117	圣徒级蓝玛瑙	14040004	1	2	7	14040003	5	14040002	5	11030502	12	-1	-1	360	0	-1	-1	9	5000	-1		蓝宝石
118	圣徒级红变石	14010004	1	2	7	14020003	5	14020002	5	11030502	12	-1	-1	360	0	-1	-1	9	5000	-1		红宝石
119	圣徒级红琥珀	14010009	1	2	7	14020008	5	14020007	5	11030502	12	-1	-1	360	0	-1	-1	9	5000	-1		红宝石
120	圣徒级红锆石	14010014	1	2	7	14020013	5	14020012	5	11030502	12	-1	-1	360	0	-1	-1	9	5000	-1		红宝石
121	常乐草	12050000	1	10	1	11990308	1	-1	-1	-1	-1	-1	-1	10	0	-1	-1	3	5000	-1		坐骑道具
122	一级狂攻	12052471	1	10	1	11030401	9	11990301	1	-1	-1	-1	-1	30	0	-1	-1	9	5000	-1		辅攻技能
123	一级精确	12052481	1	10	1	11030401	9	11990301	1	-1	-1	-1	-1	30	0	-1	-1	9	5000	-1		辅攻技能
124	一级精研	12052491	1	10	1	11030401	9	11990301	1	-1	-1	-1	-1	30	0	-1	-1	9	5000	-1		辅攻技能
125	一级热血	12052531	1	10	1	11030401	9	11990301	1	-1	-1	-1	-1	30	0	-1	-1	9	5000	-1		普通技能
126	一级淬毒	12052541	1	10	2	11030401	27	11990302	1	-1	-1	-1	-1	60	0	-1	-1	9	5000	-1		普通技能
127	一级裂甲	12052601	1	10	2	11030401	27	11990302	1	-1	-1	-1	-1	60	0	-1	-1	9	5000	-1		普通技能
128	一级破兵	12052621	1	10	2	11030401	27	11990302	1	-1	-1	-1	-1	60	0	-1	-1	9	5000	-1		普通技能
129	一级集中	12052631	1	10	2	11030401	27	11990302	1	-1	-1	-1	-1	60	0	-1	-1	9	5000	-1		普通技能
130	一级狂暴	12052501	1	10	3	11030402	12	11990303	1	-1	-1	-1	-1	90	0	-1	-1	9	5000	-1		普通技能
131	二级狂攻	12052472	1	10	3	11030402	12	11990303	1	-1	-1	-1	-1	90	0	-1	-1	9	5000	-1		辅攻技能
132	二级精确	12052482	1	10	3	11030402	12	11990303	1	-1	-1	-1	-1	90	0	-1	-1	9	5000	-1		辅攻技能
133	二级精研	12052492	1	10	3	11030402	12	11990303	1	-1	-1	-1	-1	90	0	-1	-1	9	5000	-1		辅攻技能
134	二级热血	12052532	1	10	3	11030402	12	11990303	1	-1	-1	-1	-1	90	0	-1	-1	9	5000	-1		普通技能
135	一级冷静	12052651	1	10	4	11030402	36	11990304	1	11030405	1	-1	-1	120	0	-1	-1	9	5000	-1		普通技能
136	二级淬毒	12052542	1	10	4	11030402	36	11990304	1	11030405	1	-1	-1	120	0	-1	-1	9	5000	-1		普通技能
137	二级裂甲	12052602	1	10	4	11030402	36	11990304	1	11030405	1	-1	-1	120	0	-1	-1	9	5000	-1		普通技能
138	二级破兵	12052622	1	10	4	11030402	36	11990304	1	11030405	1	-1	-1	120	0	-1	-1	9	5000	-1		普通技能
139	二级集中	12052632	1	10	4	11030402	36	11990304	1	11030405	1	-1	-1	120	0	-1	-1	9	5000	-1		普通技能
140	一级融雪丹	12050090	1	10	4	12050000	4	-1	-1	-1	-1	-1	-1	40	0	-1	-1	3	5000	-1		坐骑道具
141	极乐草	12050009	1	10	5	12050000	10	-1	-1	-1	-1	-1	-1	50	0	-1	-1	3	5000	-1		坐骑道具
142	一级免伤	12052511	1	10	5	11030403	15	11990305	1	11030405	1	-1	-1	150	0	-1	-1	9	5000	-1		普通技能
143	一级灵巧	12052521	1	10	5	11030403	15	11990305	1	11030405	1	-1	-1	150	0	-1	-1	9	5000	-1		普通技能
144	二级狂暴	12052502	1	10	5	11030403	15	11990305	1	11030405	1	-1	-1	150	0	-1	-1	9	5000	-1		普通技能
145	三级狂攻	12052473	1	10	5	11030403	15	11990305	1	11030405	1	-1	-1	150	0	-1	-1	9	5000	-1		辅攻技能
146	三级精确	12052483	1	10	5	11030403	15	11990305	1	11030405	1	-1	-1	150	0	-1	-1	9	5000	-1		辅攻技能
147	三级精研	12052493	1	10	5	11030403	15	11990305	1	11030405	1	-1	-1	150	0	-1	-1	9	5000	-1		辅攻技能
148	三级热血	12052533	1	10	5	11030403	15	11990305	1	11030405	1	-1	-1	150	0	-1	-1	9	5000	-1		普通技能
149	一级盲目	12052611	1	10	6	11030403	45	11990306	1	11030406	1	-1	-1	180	0	-1	-1	9	5000	-1		普通技能
150	一级无视	12052641	1	10	6	11030403	45	11990306	1	11030406	1	-1	-1	180	0	-1	-1	9	5000	-1		普通技能
151	二级冷静	12052652	1	10	6	11030403	45	11990306	1	11030406	1	-1	-1	180	0	-1	-1	9	5000	-1		普通技能
152	三级淬毒	12052543	1	10	6	11030403	45	11990306	1	11030406	1	-1	-1	180	0	-1	-1	9	5000	-1		普通技能
153	三级裂甲	12052603	1	10	6	11030403	45	11990306	1	11030406	1	-1	-1	180	0	-1	-1	9	5000	-1		普通技能
154	三级破兵	12052623	1	10	6	11030403	45	11990306	1	11030406	1	-1	-1	180	0	-1	-1	9	5000	-1		普通技能
155	三级集中	12052633	1	10	6	11030403	45	11990306	1	11030406	1	-1	-1	180	0	-1	-1	9	5000	-1		普通技能
156	二级融雪丹	12050091	1	10	6	12050090	3	12050000	1	-1	-1	-1	-1	60	0	-1	-1	3	5000	-1		坐骑道具
157	一级伤筋	12052551	1	10	7	11030404	18	11990307	1	11030406	1	-1	-1	210	0	-1	-1	9	5000	-1		控制技能
158	一级击晕	12052561	1	10	7	11030404	18	11990307	1	11030406	1	-1	-1	210	0	-1	-1	9	5000	-1		控制技能
159	一级狂吼	12052571	1	10	7	11030404	18	11990307	1	11030406	1	-1	-1	210	0	-1	-1	9	5000	-1		控制技能
160	一级沉寂	12052581	1	10	7	11030404	18	11990307	1	11030406	1	-1	-1	210	0	-1	-1	9	5000	-1		控制技能
161	一级定身	12052591	1	10	7	11030404	18	11990307	1	11030406	1	-1	-1	210	0	-1	-1	9	5000	-1		控制技能
162	二级免伤	12052512	1	10	7	11030404	18	11990307	1	11030406	1	-1	-1	210	0	-1	-1	9	5000	-1		普通技能
163	二级灵巧	12052522	1	10	7	11030404	18	11990307	1	11030406	1	-1	-1	210	0	-1	-1	9	5000	-1		普通技能
164	三级狂暴	12052503	1	10	7	11030404	18	11990307	1	11030406	1	-1	-1	210	0	-1	-1	9	5000	-1		普通技能
165	三级融雪丹	12050092	1	10	7	12050091	1	12050009	1	-1	-1	-1	-1	70	0	-1	-1	3	5000	-1		坐骑道具
166	四级狂攻	12052474	1	10	7	11030404	18	11990307	1	11030406	1	-1	-1	210	0	-1	-1	9	5000	-1		辅攻技能
167	四级精确	12052484	1	10	7	11030404	18	11990307	1	11030406	1	-1	-1	210	0	-1	-1	9	5000	-1		辅攻技能
168	四级精研	12052494	1	10	7	11030404	18	11990307	1	11030406	1	-1	-1	210	0	-1	-1	9	5000	-1		辅攻技能
169	四级热血	12052534	1	10	7	11030404	18	11990307	1	11030406	1	-1	-1	210	0	-1	-1	9	5000	-1		普通技能
170	水木精华	11020502	1	1	6	11020501	2	-1	-1	-1	-1	-1	-1	60	0	-1	-1	3	5000	-1		合成材料
171	黑曜石	11030502	1	2	5	11030501	2	-1	-1	-1	-1	-1	-1	150	0	-1	-1	9	5000	-1		合成材料
172	七步封喉	11030406	1	10	6	11030405	2	-1	-1	-1	-1	-1	-1	180	0	-1	-1	9	5000	-1		合成材料
173	一级猛击	12052121	1	10	1	11030401	9	11990301	1	-1	-1	-1	-1	30	0	-1	-1	9	5000	-1		攻击技能
174	一级连环	12052131	1	10	1	11030401	9	11990301	1	-1	-1	-1	-1	30	0	-1	-1	9	5000	-1		攻击技能
175	一级偷袭	12052141	1	10	1	11030401	9	11990301	1	-1	-1	-1	-1	30	0	-1	-1	9	5000	-1		攻击技能
176	一级回复	12052161	1	10	3	11030402	12	11990303	1	-1	-1	-1	-1	90	0	-1	-1	9	5000	-1		回复技能
177	一级怒气	12052661	1	10	3	11030402	12	11990303	1	-1	-1	-1	-1	90	0	-1	-1	9	5000	-1		回魔技能
178	一级精力	12052671	1	10	3	11030402	12	11990303	1	-1	-1	-1	-1	90	0	-1	-1	9	5000	-1		回魔技能
179	一级箭囊	12052681	1	10	3	11030402	12	11990303	1	-1	-1	-1	-1	90	0	-1	-1	9	5000	-1		回魔技能
180	一级弹药	12052691	1	10	3	11030402	12	11990303	1	-1	-1	-1	-1	90	0	-1	-1	9	5000	-1		回魔技能
181	一级法力	12052701	1	10	3	11030402	12	11990303	1	-1	-1	-1	-1	90	0	-1	-1	9	5000	-1		回魔技能
182	一级圣力	12052711	1	10	3	11030402	12	11990303	1	-1	-1	-1	-1	90	0	-1	-1	9	5000	-1		回魔技能
183	一级乱战	12052091	1	10	5	11030403	15	11990305	1	11030405	1	-1	-1	150	0	-1	-1	9	5000	-1		攻击技能
184	一级破军	12052101	1	10	5	11030403	15	11990305	1	11030405	1	-1	-1	150	0	-1	-1	9	5000	-1		攻击技能
185	一级魔灭	12052111	1	10	5	11030403	15	11990305	1	11030405	1	-1	-1	150	0	-1	-1	9	5000	-1		攻击技能
186	乾阳护甲丸	12041043	1	1	8	11020014	18	11990207	1	11020502	1	12041041	1	80	0	-1	-1	3	5000	-1		增强药水
187	四象神力丸	12041014	1	1	8	11020014	18	11990207	1	11020502	1	12041012	1	80	0	-1	-1	3	5000	-1		增强药水
188	四象仙火丸	12041034	1	1	8	11020014	18	11990207	1	11020502	1	12041032	1	80	0	-1	-1	3	5000	-1		增强药水
189	四象魔道丸	12041024	1	1	8	11020014	18	11990207	1	11020502	1	12041022	1	80	0	-1	-1	3	5000	-1		增强药水
190	四象器甲丸	12041063	1	1	8	11020015	18	11990207	1	11020502	1	12041061	1	80	0	-1	-1	3	5000	-1		增强药水
191	四象气运丸	12041083	1	1	8	11020015	18	11990207	1	11020502	1	12041081	1	80	0	-1	-1	3	5000	-1		增强药水
192	四象神护丸	12041073	1	1	8	11020015	18	11990207	1	11020502	1	12041071	1	80	0	-1	-1	3	5000	-1		增强药水
193	圣徒级金光石	14040011	1	2	7	11030007	18	11030607	1	11030502	2	-1	-1	210	0	-1	-1	9	5000	-1		蓝宝石
194	圣徒级蓝辉石	14040007	1	2	7	11030007	18	14040006	1	11030502	2	-1	-1	210	0	-1	-1	9	5000	-1		蓝宝石
195	圣徒级红龙晶	14010017	1	2	8	11030007	54	14010016	1	11030502	2	-1	-1	240	0	-1	-1	9	5000	-1		红宝石
196	圣徒级绿龙晶	14020017	1	2	8	11030007	54	14020016	1	11030502	2	-1	-1	240	0	-1	-1	9	5000	-1		绿宝石
197	圣徒级黄龙晶	14030017	1	2	8	11030007	54	14030016	1	11030502	2	-1	-1	240	0	-1	-1	9	5000	-1		黄宝石
198	圣徒级蓝龙晶	14040017	1	2	8	11030007	54	14040016	1	11030502	2	-1	-1	240	0	-1	-1	9	5000	-1		蓝宝石
199	圣徒级红玉髓	14010022	1	2	8	11030007	54	14010021	1	11030502	2	-1	-1	240	0	-1	-1	9	5000	-1		红宝石
200	圣徒级绿玉髓	14020022	1	2	8	11030007	54	14020021	1	11030502	2	-1	-1	240	0	-1	-1	9	5000	-1		绿宝石
201	圣徒级黄玉髓	14030022	1	2	8	11030007	54	14030021	1	11030502	2	-1	-1	240	0	-1	-1	9	5000	-1		黄宝石
202	圣徒级蓝玉髓	14040022	1	2	8	11030007	54	14040021	1	11030502	2	-1	-1	240	0	-1	-1	9	5000	-1		蓝宝石
203	四级融雪丹	12050093	1	10	8	12050092	2	12050009	1	-1	-1	-1	-1	80	0	-1	-1	3	5000	-1		坐骑道具
204	鞑靼铜环刀	10010040	1	6	1	11041030	1	-1	-1	-1	-1	-1	-1	10	0	-1	-1	9	5000	-1		主武器
205	鞑靼白刃剑	10020040	1	6	1	11041030	1	-1	-1	-1	-1	-1	-1	10	0	-1	-1	9	5000	-1		主武器
206	鞑靼硬木弓	10030040	1	6	1	11041030	1	-1	-1	-1	-1	-1	-1	10	0	-1	-1	9	5000	-1		主武器
207	鞑靼云纹枪	10040040	1	6	1	11041030	1	-1	-1	-1	-1	-1	-1	10	0	-1	-1	9	5000	-1		主武器
208	鞑靼铁头杖	10050040	1	6	1	11041030	1	-1	-1	-1	-1	-1	-1	10	0	-1	-1	9	5000	-1		主武器
209	鞑靼精钢槌	10060040	1	6	1	11041030	1	-1	-1	-1	-1	-1	-1	10	0	-1	-1	9	5000	-1		主武器
210	鞑靼铜环盾	10070040	1	6	1	11041030	1	-1	-1	-1	-1	-1	-1	10	0	-1	-1	9	5000	-1		副武器
211	鞑靼粹炼锏	10080040	1	6	1	11041030	1	-1	-1	-1	-1	-1	-1	10	0	-1	-1	9	5000	-1		副武器
212	鞑靼晖利箭	10090040	1	6	1	11041030	1	-1	-1	-1	-1	-1	-1	10	0	-1	-1	9	5000	-1		副武器
213	鞑靼急速弹	10100040	1	6	1	11041030	1	-1	-1	-1	-1	-1	-1	10	0	-1	-1	9	5000	-1		副武器
214	鞑靼红玉号	10110040	1	6	1	11041030	1	-1	-1	-1	-1	-1	-1	10	0	-1	-1	9	5000	-1		副武器
215	鞑靼狼牙鼓	10120040	1	6	1	11041030	1	-1	-1	-1	-1	-1	-1	10	0	-1	-1	9	5000	-1		副武器
216	四象江湖之刀	10019400	1	6	2	11041000	1	11041030	1	-1	-1	-1	-1	20	0	-1	-1	9	5000	-1		主武器
217	四象江湖之剑	10028400	1	6	2	11041000	1	11041030	1	-1	-1	-1	-1	20	0	-1	-1	9	5000	-1		主武器
218	四象江湖之弓	10038400	1	6	2	11041000	1	11041030	1	-1	-1	-1	-1	20	0	-1	-1	9	5000	-1		主武器
219	四象江湖之枪	10048400	1	6	2	11041000	1	11041030	1	-1	-1	-1	-1	20	0	-1	-1	9	5000	-1		主武器
220	四象江湖之杖	10058400	1	6	2	11041000	1	11041030	1	-1	-1	-1	-1	20	0	-1	-1	9	5000	-1		主武器
221	四象江湖之槌	10068400	1	6	2	11041000	1	11041030	1	-1	-1	-1	-1	20	0	-1	-1	9	5000	-1		主武器
222	四象江湖之盾	10077400	1	6	2	11041040	1	11041030	1	-1	-1	-1	-1	20	0	-1	-1	9	5000	-1		副武器
223	四象江湖之锏	10087400	1	6	2	11041040	1	11041030	1	-1	-1	-1	-1	20	0	-1	-1	9	5000	-1		副武器
224	四象江湖羽箭	10097400	1	6	2	11041040	1	11041030	1	-1	-1	-1	-1	20	0	-1	-1	9	5000	-1		副武器
225	四象江湖飞弹	10107400	1	6	2	11041040	1	11041030	1	-1	-1	-1	-1	20	0	-1	-1	9	5000	-1		副武器
226	四象江湖之号	10117400	1	6	2	11041040	1	11041030	1	-1	-1	-1	-1	20	0	-1	-1	9	5000	-1		副武器
227	四象江湖之鼓	10127400	1	6	2	11041040	1	11041030	1	-1	-1	-1	-1	20	0	-1	-1	9	5000	-1		副武器
228	乃蛮黑铁刀	10010050	1	6	3	11041031	1	-1	-1	-1	-1	-1	-1	30	0	-1	-1	9	5000	-1		主武器
229	乃蛮锐步剑	10020050	1	6	3	11041031	1	-1	-1	-1	-1	-1	-1	30	0	-1	-1	9	5000	-1		主武器
230	乃蛮扬手弓	10030050	1	6	3	11041031	1	-1	-1	-1	-1	-1	-1	30	0	-1	-1	9	5000	-1		主武器
231	乃蛮闪击枪	10040050	1	6	3	11041031	1	-1	-1	-1	-1	-1	-1	30	0	-1	-1	9	5000	-1		主武器
232	乃蛮晶玉杖	10050050	1	6	3	11041031	1	-1	-1	-1	-1	-1	-1	30	0	-1	-1	9	5000	-1		主武器
233	乃蛮乌金槌	10060050	1	6	3	11041031	1	-1	-1	-1	-1	-1	-1	30	0	-1	-1	9	5000	-1		主武器
234	乃蛮黑铁盾	10070050	1	6	3	11041031	1	-1	-1	-1	-1	-1	-1	30	0	-1	-1	9	5000	-1		副武器
235	乃蛮昆吾锏	10080050	1	6	3	11041031	1	-1	-1	-1	-1	-1	-1	30	0	-1	-1	9	5000	-1		副武器
236	乃蛮舀锐箭	10090050	1	6	3	11041031	1	-1	-1	-1	-1	-1	-1	30	0	-1	-1	9	5000	-1		副武器
237	乃蛮螺旋弹	10100050	1	6	3	11041031	1	-1	-1	-1	-1	-1	-1	30	0	-1	-1	9	5000	-1		副武器
238	乃蛮如意号	10110050	1	6	3	11041031	1	-1	-1	-1	-1	-1	-1	30	0	-1	-1	9	5000	-1		副武器
239	乃蛮封冰鼓	10120050	1	6	3	11041031	1	-1	-1	-1	-1	-1	-1	30	0	-1	-1	9	5000	-1		副武器
240	乌月风动刀	10010060	1	6	4	11041001	1	11041031	1	-1	-1	-1	-1	40	0	-1	-1	9	5000	-1		主武器
241	乌月紫极剑	10020060	1	6	4	11041001	1	11041031	1	-1	-1	-1	-1	40	0	-1	-1	9	5000	-1		主武器
242	乌月怒人弓	10030060	1	6	4	11041001	1	11041031	1	-1	-1	-1	-1	40	0	-1	-1	9	5000	-1		主武器
243	乌月轰雷枪	10040060	1	6	4	11041001	1	11041031	1	-1	-1	-1	-1	40	0	-1	-1	9	5000	-1		主武器
244	乌月归天杖	10050060	1	6	4	11041001	1	11041031	1	-1	-1	-1	-1	40	0	-1	-1	9	5000	-1		主武器
245	乌月玄铁槌	10060060	1	6	4	11041001	1	11041031	1	-1	-1	-1	-1	40	0	-1	-1	9	5000	-1		主武器
246	乌月风动盾	10070060	1	6	4	11041041	1	11041031	1	-1	-1	-1	-1	40	0	-1	-1	9	5000	-1		副武器
247	乌月三才锏	10080060	1	6	4	11041041	1	11041031	1	-1	-1	-1	-1	40	0	-1	-1	9	5000	-1		副武器
248	乌月灭杀箭	10090060	1	6	4	11041041	1	11041031	1	-1	-1	-1	-1	40	0	-1	-1	9	5000	-1		副武器
249	乌月鸣空弹	10100060	1	6	4	11041041	1	11041031	1	-1	-1	-1	-1	40	0	-1	-1	9	5000	-1		副武器
250	乌月九宫号	10110060	1	6	4	11041041	1	11041031	1	-1	-1	-1	-1	40	0	-1	-1	9	5000	-1		副武器
251	乌月唤雷鼓	10120060	1	6	4	11041041	1	11041031	1	-1	-1	-1	-1	40	0	-1	-1	9	5000	-1		副武器
252	六合江湖之刀	10019500	1	6	5	11041032	1	-1	-1	-1	-1	-1	-1	50	0	-1	-1	9	5000	-1		主武器
253	六合江湖之剑	10028500	1	6	5	11041032	1	-1	-1	-1	-1	-1	-1	50	0	-1	-1	9	5000	-1		主武器
254	六合江湖之弓	10038500	1	6	5	11041032	1	-1	-1	-1	-1	-1	-1	50	0	-1	-1	9	5000	-1		主武器
255	六合江湖之枪	10048500	1	6	5	11041032	1	-1	-1	-1	-1	-1	-1	50	0	-1	-1	9	5000	-1		主武器
256	六合江湖之杖	10058500	1	6	5	11041032	1	-1	-1	-1	-1	-1	-1	50	0	-1	-1	9	5000	-1		主武器
257	六合江湖之槌	10068500	1	6	5	11041032	1	-1	-1	-1	-1	-1	-1	50	0	-1	-1	9	5000	-1		主武器
258	六合江湖之盾	10077500	1	6	5	11041032	1	-1	-1	-1	-1	-1	-1	50	0	-1	-1	9	5000	-1		副武器
259	六合江湖之锏	10087500	1	6	5	11041032	1	-1	-1	-1	-1	-1	-1	50	0	-1	-1	9	5000	-1		副武器
260	六合江湖羽箭	10097500	1	6	5	11041032	1	-1	-1	-1	-1	-1	-1	50	0	-1	-1	9	5000	-1		副武器
261	六合江湖飞弹	10107500	1	6	5	11041032	1	-1	-1	-1	-1	-1	-1	50	0	-1	-1	9	5000	-1		副武器
262	六合江湖之号	10117500	1	6	5	11041032	1	-1	-1	-1	-1	-1	-1	50	0	-1	-1	9	5000	-1		副武器
263	六合江湖之鼓	10127500	1	6	5	11041032	1	-1	-1	-1	-1	-1	-1	50	0	-1	-1	9	5000	-1		副武器
264	凤翔赤精刀	10010070	1	6	6	11041002	1	11041032	1	-1	-1	-1	-1	60	0	-1	-1	9	5000	-1		主武器
265	凤翔奔日剑	10020070	1	6	6	11041002	1	11041032	1	-1	-1	-1	-1	60	0	-1	-1	9	5000	-1		主武器
266	凤翔千疾弓	10030070	1	6	6	11041002	1	11041032	1	-1	-1	-1	-1	60	0	-1	-1	9	5000	-1		主武器
267	凤翔明应枪	10040070	1	6	6	11041002	1	11041032	1	-1	-1	-1	-1	60	0	-1	-1	9	5000	-1		主武器
268	凤翔伏魔杖	10050070	1	6	6	11041002	1	11041032	1	-1	-1	-1	-1	60	0	-1	-1	9	5000	-1		主武器
269	凤翔百裂槌	10060070	1	6	6	11041002	1	11041032	1	-1	-1	-1	-1	60	0	-1	-1	9	5000	-1		主武器
270	凤翔赤精盾	10070070	1	6	6	11041042	1	11041032	1	-1	-1	-1	-1	60	0	-1	-1	9	5000	-1		副武器
271	凤翔定光锏	10080070	1	6	6	11041042	1	11041032	1	-1	-1	-1	-1	60	0	-1	-1	9	5000	-1		副武器
272	凤翔鬼泣箭	10090070	1	6	6	11041042	1	11041032	1	-1	-1	-1	-1	60	0	-1	-1	9	5000	-1		副武器
273	凤翔流星弹	10100070	1	6	6	11041042	1	11041032	1	-1	-1	-1	-1	60	0	-1	-1	9	5000	-1		副武器
274	凤翔七星号	10110070	1	6	6	11041042	1	11041032	1	-1	-1	-1	-1	60	0	-1	-1	9	5000	-1		副武器
275	凤翔龙啸鼓	10120070	1	6	6	11041042	1	11041032	1	-1	-1	-1	-1	60	0	-1	-1	9	5000	-1		副武器
276	神龙掌门之刀	10019600	1	6	7	11041003	1	11041033	1	-1	-1	-1	-1	70	0	-1	-1	9	5000	-1		主武器
277	神龙掌门之剑	10028600	1	6	7	11041003	1	11041033	1	-1	-1	-1	-1	70	0	-1	-1	9	5000	-1		主武器
278	神龙掌门之弓	10038600	1	6	7	11041003	1	11041033	1	-1	-1	-1	-1	70	0	-1	-1	9	5000	-1		主武器
279	神龙掌门之枪	10048600	1	6	7	11041003	1	11041033	1	-1	-1	-1	-1	70	0	-1	-1	9	5000	-1		主武器
280	神龙掌门之杖	10058600	1	6	7	11041003	1	11041033	1	-1	-1	-1	-1	70	0	-1	-1	9	5000	-1		主武器
281	神龙掌门之槌	10068600	1	6	7	11041003	1	11041033	1	-1	-1	-1	-1	70	0	-1	-1	9	5000	-1		主武器
282	神龙掌门之盾	10077600	1	6	7	11041043	1	11041033	1	-1	-1	-1	-1	70	0	-1	-1	9	5000	-1		副武器
283	神龙掌门之锏	10087600	1	6	7	11041043	1	11041033	1	-1	-1	-1	-1	70	0	-1	-1	9	5000	-1		副武器
284	神龙掌门羽箭	10097600	1	6	7	11041043	1	11041033	1	-1	-1	-1	-1	70	0	-1	-1	9	5000	-1		副武器
285	神龙掌门飞弹	10107600	1	6	7	11041043	1	11041033	1	-1	-1	-1	-1	70	0	-1	-1	9	5000	-1		副武器
286	神龙掌门之号	10117600	1	6	7	11041043	1	11041033	1	-1	-1	-1	-1	70	0	-1	-1	9	5000	-1		副武器
287	神龙掌门之鼓	10127600	1	6	7	11041043	1	11041033	1	-1	-1	-1	-1	70	0	-1	-1	9	5000	-1		副武器
288	西辽地龙刀	10010080	1	6	8	11041003	1	11041033	1	-1	-1	-1	-1	80	0	-1	-1	9	5000	-1		主武器
289	西辽粲星剑	10020080	1	6	8	11041003	1	11041033	1	-1	-1	-1	-1	80	0	-1	-1	9	5000	-1		主武器
290	西辽风铃弓	10030080	1	6	8	11041003	1	11041033	1	-1	-1	-1	-1	80	0	-1	-1	9	5000	-1		主武器
291	西辽暴焰枪	10040080	1	6	8	11041003	1	11041033	1	-1	-1	-1	-1	80	0	-1	-1	9	5000	-1		主武器
292	西辽摩天杖	10050080	1	6	8	11041003	1	11041033	1	-1	-1	-1	-1	80	0	-1	-1	9	5000	-1		主武器
293	西辽五行槌	10060080	1	6	8	11041003	1	11041033	1	-1	-1	-1	-1	80	0	-1	-1	9	5000	-1		主武器
294	西辽地龙盾	10070080	1	6	8	11041043	1	11041033	1	-1	-1	-1	-1	80	0	-1	-1	9	5000	-1		副武器
295	西辽飞仙锏	10080080	1	6	8	11041043	1	11041033	1	-1	-1	-1	-1	80	0	-1	-1	9	5000	-1		副武器
296	西辽鸣杀箭	10090080	1	6	8	11041043	1	11041033	1	-1	-1	-1	-1	80	0	-1	-1	9	5000	-1		副武器
297	西辽崩烈弹	10100080	1	6	8	11041043	1	11041033	1	-1	-1	-1	-1	80	0	-1	-1	9	5000	-1		副武器
298	西辽地灵号	10110080	1	6	8	11041043	1	11041033	1	-1	-1	-1	-1	80	0	-1	-1	9	5000	-1		副武器
299	西辽碎魂鼓	10120080	1	6	8	11041043	1	11041033	1	-1	-1	-1	-1	80	0	-1	-1	9	5000	-1		副武器
300	鞑靼青铜头盔	10200040	1	3	1	11041040	1	-1	-1	-1	-1	-1	-1	10	0	-1	-1	9	5000	-1		头盔
301	鞑靼虎斑甲	10230040	1	3	1	11041040	1	-1	-1	-1	-1	-1	-1	10	0	-1	-1	9	5000	-1		衣服
302	鞑靼青龙护手	10250040	1	3	1	11041040	1	-1	-1	-1	-1	-1	-1	10	0	-1	-1	9	5000	-1		护手
303	鞑靼缀星腰带	10260040	1	3	1	11041040	1	-1	-1	-1	-1	-1	-1	10	0	-1	-1	9	5000	-1		腰带
304	鞑靼铁将战靴	10270040	1	3	1	11041040	1	-1	-1	-1	-1	-1	-1	10	0	-1	-1	9	5000	-1		靴子
305	四象江湖铠甲	10238400	1	3	2	11041040	1	11041030	1	-1	-1	-1	-1	20	0	-1	-1	9	5000	-1		衣服
306	四象江湖头盔	10208400	1	3	2	11041010	1	11041020	1	-1	-1	-1	-1	20	0	-1	-1	9	5000	-1		头盔
307	四象江湖腰带	10268400	1	3	2	11041000	1	11041020	1	-1	-1	-1	-1	20	0	-1	-1	9	5000	-1		腰带
308	四象江湖护手	10258400	1	3	2	11041040	1	11041030	1	-1	-1	-1	-1	20	0	-1	-1	9	5000	-1		护手
309	四象江湖战靴	10278400	1	3	2	11041040	1	11041050	1	-1	-1	-1	-1	20	0	-1	-1	9	5000	-1		靴子
310	四象江湖铠甲	10238410	1	3	2	11041040	1	11041030	1	-1	-1	-1	-1	20	0	-1	-1	9	5000	-1		衣服
311	四象江湖头盔	10208410	1	3	2	11041010	1	11041020	1	-1	-1	-1	-1	20	0	-1	-1	9	5000	-1		头盔
312	四象江湖腰带	10268410	1	3	2	11041000	1	11041020	1	-1	-1	-1	-1	20	0	-1	-1	9	5000	-1		腰带
313	四象江湖护手	10258410	1	3	2	11041040	1	11041030	1	-1	-1	-1	-1	20	0	-1	-1	9	5000	-1		护手
314	四象江湖战靴	10278410	1	3	2	11041040	1	11041050	1	-1	-1	-1	-1	20	0	-1	-1	9	5000	-1		靴子
315	四象江湖铠甲	10238420	1	3	2	11041040	1	11041030	1	-1	-1	-1	-1	20	0	-1	-1	9	5000	-1		衣服
316	四象江湖头盔	10208420	1	3	2	11041010	1	11041020	1	-1	-1	-1	-1	20	0	-1	-1	9	5000	-1		头盔
317	四象江湖腰带	10268420	1	3	2	11041000	1	11041020	1	-1	-1	-1	-1	20	0	-1	-1	9	5000	-1		腰带
318	四象江湖护手	10258420	1	3	2	11041040	1	11041030	1	-1	-1	-1	-1	20	0	-1	-1	9	5000	-1		护手
319	四象江湖战靴	10278420	1	3	2	11041040	1	11041050	1	-1	-1	-1	-1	20	0	-1	-1	9	5000	-1		靴子
320	四象江湖铠甲	10238430	1	3	2	11041040	1	11041030	1	-1	-1	-1	-1	20	0	-1	-1	9	5000	-1		衣服
321	四象江湖头盔	10208430	1	3	2	11041010	1	11041020	1	-1	-1	-1	-1	20	0	-1	-1	9	5000	-1		头盔
322	四象江湖腰带	10268430	1	3	2	11041000	1	11041020	1	-1	-1	-1	-1	20	0	-1	-1	9	5000	-1		腰带
323	四象江湖护手	10258430	1	3	2	11041040	1	11041030	1	-1	-1	-1	-1	20	0	-1	-1	9	5000	-1		护手
324	四象江湖战靴	10278430	1	3	2	11041040	1	11041050	1	-1	-1	-1	-1	20	0	-1	-1	9	5000	-1		靴子
325	四象江湖铠甲	10238440	1	3	2	11041040	1	11041030	1	-1	-1	-1	-1	20	0	-1	-1	9	5000	-1		衣服
326	四象江湖头盔	10208440	1	3	2	11041010	1	11041020	1	-1	-1	-1	-1	20	0	-1	-1	9	5000	-1		头盔
327	四象江湖腰带	10268440	1	3	2	11041000	1	11041020	1	-1	-1	-1	-1	20	0	-1	-1	9	5000	-1		腰带
328	四象江湖护手	10258440	1	3	2	11041040	1	11041030	1	-1	-1	-1	-1	20	0	-1	-1	9	5000	-1		护手
329	四象江湖战靴	10278440	1	3	2	11041040	1	11041050	1	-1	-1	-1	-1	20	0	-1	-1	9	5000	-1		靴子
330	四象江湖铠甲	10238450	1	3	2	11041040	1	11041030	1	-1	-1	-1	-1	20	0	-1	-1	9	5000	-1		衣服
331	四象江湖头盔	10208450	1	3	2	11041010	1	11041020	1	-1	-1	-1	-1	20	0	-1	-1	9	5000	-1		头盔
332	四象江湖腰带	10268450	1	3	2	11041000	1	11041020	1	-1	-1	-1	-1	20	0	-1	-1	9	5000	-1		腰带
333	四象江湖护手	10258450	1	3	2	11041040	1	11041030	1	-1	-1	-1	-1	20	0	-1	-1	9	5000	-1		护手
334	四象江湖战靴	10278450	1	3	2	11041040	1	11041050	1	-1	-1	-1	-1	20	0	-1	-1	9	5000	-1		靴子
335	乃蛮玄铁头盔	10200050	1	3	3	11041011	1	11041021	1	-1	-1	-1	-1	30	0	-1	-1	9	5000	-1		头盔
336	乃蛮督军甲	10230050	1	3	3	11041041	1	11041031	1	-1	-1	-1	-1	30	0	-1	-1	9	5000	-1		衣服
337	乃蛮黑寂护手	10250050	1	3	3	11041041	1	11041031	1	-1	-1	-1	-1	30	0	-1	-1	9	5000	-1		护手
338	乃蛮盘蛇腰带	10260050	1	3	3	11041001	1	11041021	1	-1	-1	-1	-1	30	0	-1	-1	9	5000	-1		腰带
339	乃蛮神木战靴	10270050	1	3	3	11041041	1	11041051	1	-1	-1	-1	-1	30	0	-1	-1	9	5000	-1		靴子
340	乌月羽银头盔	10200060	1	3	4	11041011	1	11041021	1	-1	-1	-1	-1	40	0	-1	-1	9	5000	-1		头盔
341	乌月梦翔甲	10230060	1	3	4	11041041	1	11041031	1	-1	-1	-1	-1	40	0	-1	-1	9	5000	-1		衣服
342	乌月紫玉护手	10250060	1	3	4	11041041	1	11041031	1	-1	-1	-1	-1	40	0	-1	-1	9	5000	-1		护手
343	乌月寒玉腰带	10260060	1	3	4	11041001	1	11041021	1	-1	-1	-1	-1	40	0	-1	-1	9	5000	-1		腰带
344	乌月风轮战靴	10270060	1	3	4	11041041	1	11041051	1	-1	-1	-1	-1	40	0	-1	-1	9	5000	-1		靴子
345	六合江湖铠甲	10238500	1	3	5	11041042	1	11041032	1	-1	-1	-1	-1	50	0	-1	-1	9	5000	-1		衣服
346	六合江湖头盔	10208500	1	3	5	11041012	1	11041022	1	-1	-1	-1	-1	50	0	-1	-1	9	5000	-1		头盔
347	六合江湖腰带	10268500	1	3	5	11041002	1	11041022	1	-1	-1	-1	-1	50	0	-1	-1	9	5000	-1		腰带
348	六合江湖护手	10258500	1	3	5	11041042	1	11041032	1	-1	-1	-1	-1	50	0	-1	-1	9	5000	-1		护手
349	六合江湖战靴	10278500	1	3	5	11041042	1	11041052	1	-1	-1	-1	-1	50	0	-1	-1	9	5000	-1		靴子
350	六合江湖铠甲	10238510	1	3	5	11041042	1	11041032	1	-1	-1	-1	-1	50	0	-1	-1	9	5000	-1		衣服
351	六合江湖头盔	10208510	1	3	5	11041012	1	11041022	1	-1	-1	-1	-1	50	0	-1	-1	9	5000	-1		头盔
352	六合江湖腰带	10268510	1	3	5	11041002	1	11041022	1	-1	-1	-1	-1	50	0	-1	-1	9	5000	-1		腰带
353	六合江湖护手	10258510	1	3	5	11041042	1	11041032	1	-1	-1	-1	-1	50	0	-1	-1	9	5000	-1		护手
354	六合江湖战靴	10278510	1	3	5	11041042	1	11041052	1	-1	-1	-1	-1	50	0	-1	-1	9	5000	-1		靴子
355	六合江湖铠甲	10238520	1	3	5	11041042	1	11041032	1	-1	-1	-1	-1	50	0	-1	-1	9	5000	-1		衣服
356	六合江湖头盔	10208520	1	3	5	11041012	1	11041022	1	-1	-1	-1	-1	50	0	-1	-1	9	5000	-1		头盔
357	六合江湖腰带	10268520	1	3	5	11041002	1	11041022	1	-1	-1	-1	-1	50	0	-1	-1	9	5000	-1		腰带
358	六合江湖护手	10258520	1	3	5	11041042	1	11041032	1	-1	-1	-1	-1	50	0	-1	-1	9	5000	-1		护手
359	六合江湖战靴	10278520	1	3	5	11041042	1	11041052	1	-1	-1	-1	-1	50	0	-1	-1	9	5000	-1		靴子
360	六合江湖铠甲	10238530	1	3	5	11041042	1	11041032	1	-1	-1	-1	-1	50	0	-1	-1	9	5000	-1		衣服
361	六合江湖头盔	10208530	1	3	5	11041012	1	11041022	1	-1	-1	-1	-1	50	0	-1	-1	9	5000	-1		头盔
362	六合江湖腰带	10268530	1	3	5	11041002	1	11041022	1	-1	-1	-1	-1	50	0	-1	-1	9	5000	-1		腰带
363	六合江湖护手	10258530	1	3	5	11041042	1	11041032	1	-1	-1	-1	-1	50	0	-1	-1	9	5000	-1		护手
364	六合江湖战靴	10278530	1	3	5	11041042	1	11041052	1	-1	-1	-1	-1	50	0	-1	-1	9	5000	-1		靴子
365	六合江湖铠甲	10238540	1	3	5	11041042	1	11041032	1	-1	-1	-1	-1	50	0	-1	-1	9	5000	-1		衣服
366	六合江湖头盔	10208540	1	3	5	11041012	1	11041022	1	-1	-1	-1	-1	50	0	-1	-1	9	5000	-1		头盔
367	六合江湖腰带	10268540	1	3	5	11041002	1	11041022	1	-1	-1	-1	-1	50	0	-1	-1	9	5000	-1		腰带
368	六合江湖护手	10258540	1	3	5	11041042	1	11041032	1	-1	-1	-1	-1	50	0	-1	-1	9	5000	-1		护手
369	六合江湖战靴	10278540	1	3	5	11041042	1	11041052	1	-1	-1	-1	-1	50	0	-1	-1	9	5000	-1		靴子
370	六合江湖铠甲	10238550	1	3	5	11041042	1	11041032	1	-1	-1	-1	-1	50	0	-1	-1	9	5000	-1		衣服
371	六合江湖头盔	10208550	1	3	5	11041012	1	11041022	1	-1	-1	-1	-1	50	0	-1	-1	9	5000	-1		头盔
372	六合江湖腰带	10268550	1	3	5	11041002	1	11041022	1	-1	-1	-1	-1	50	0	-1	-1	9	5000	-1		腰带
373	六合江湖护手	10258550	1	3	5	11041042	1	11041032	1	-1	-1	-1	-1	50	0	-1	-1	9	5000	-1		护手
374	六合江湖战靴	10278550	1	3	5	11041042	1	11041052	1	-1	-1	-1	-1	50	0	-1	-1	9	5000	-1		靴子
375	凤翔紫金头盔	10200070	1	3	6	11041012	1	11041022	1	-1	-1	-1	-1	60	0	-1	-1	9	5000	-1		头盔
376	凤翔银鳞甲	10230070	1	3	6	11041042	1	11041032	1	-1	-1	-1	-1	60	0	-1	-1	9	5000	-1		衣服
377	凤翔绯日护手	10250070	1	3	6	11041042	1	11041032	1	-1	-1	-1	-1	60	0	-1	-1	9	5000	-1		护手
378	凤翔天蚕腰带	10260070	1	3	6	11041002	1	11041022	1	-1	-1	-1	-1	60	0	-1	-1	9	5000	-1		腰带
379	凤翔登云战靴	10270070	1	3	6	11041042	1	11041052	1	-1	-1	-1	-1	60	0	-1	-1	9	5000	-1		靴子
380	神龙掌门铠甲	10238600	1	3	7	11041043	1	11041033	1	-1	-1	-1	-1	70	0	-1	-1	9	5000	-1		衣服
381	神龙掌门头盔	10208600	1	3	7	11041013	1	11041023	1	-1	-1	-1	-1	70	0	-1	-1	9	5000	-1		头盔
382	神龙掌门腰带	10268600	1	3	7	11041003	1	11041023	1	-1	-1	-1	-1	70	0	-1	-1	9	5000	-1		腰带
383	神龙掌门护手	10258600	1	3	7	11041043	1	11041033	1	-1	-1	-1	-1	70	0	-1	-1	9	5000	-1		护手
384	神龙掌门战靴	10278600	1	3	7	11041043	1	11041053	1	-1	-1	-1	-1	70	0	-1	-1	9	5000	-1		靴子
385	神龙掌门铠甲	10238610	1	3	7	11041043	1	11041033	1	-1	-1	-1	-1	70	0	-1	-1	9	5000	-1		衣服
386	神龙掌门头盔	10208610	1	3	7	11041013	1	11041023	1	-1	-1	-1	-1	70	0	-1	-1	9	5000	-1		头盔
387	神龙掌门腰带	10268610	1	3	7	11041003	1	11041023	1	-1	-1	-1	-1	70	0	-1	-1	9	5000	-1		腰带
388	神龙掌门护手	10258610	1	3	7	11041043	1	11041033	1	-1	-1	-1	-1	70	0	-1	-1	9	5000	-1		护手
389	神龙掌门战靴	10278610	1	3	7	11041043	1	11041053	1	-1	-1	-1	-1	70	0	-1	-1	9	5000	-1		靴子
390	神龙掌门铠甲	10238620	1	3	7	11041043	1	11041033	1	-1	-1	-1	-1	70	0	-1	-1	9	5000	-1		衣服
391	神龙掌门头盔	10208620	1	3	7	11041013	1	11041023	1	-1	-1	-1	-1	70	0	-1	-1	9	5000	-1		头盔
392	神龙掌门腰带	10268620	1	3	7	11041003	1	11041023	1	-1	-1	-1	-1	70	0	-1	-1	9	5000	-1		腰带
393	神龙掌门护手	10258620	1	3	7	11041043	1	11041033	1	-1	-1	-1	-1	70	0	-1	-1	9	5000	-1		护手
394	神龙掌门战靴	10278620	1	3	7	11041043	1	11041053	1	-1	-1	-1	-1	70	0	-1	-1	9	5000	-1		靴子
395	神龙掌门铠甲	10238630	1	3	7	11041043	1	11041033	1	-1	-1	-1	-1	70	0	-1	-1	9	5000	-1		衣服
396	神龙掌门头盔	10208630	1	3	7	11041013	1	11041023	1	-1	-1	-1	-1	70	0	-1	-1	9	5000	-1		头盔
397	神龙掌门腰带	10268630	1	3	7	11041003	1	11041023	1	-1	-1	-1	-1	70	0	-1	-1	9	5000	-1		腰带
398	神龙掌门护手	10258630	1	3	7	11041043	1	11041033	1	-1	-1	-1	-1	70	0	-1	-1	9	5000	-1		护手
399	神龙掌门战靴	10278630	1	3	7	11041043	1	11041053	1	-1	-1	-1	-1	70	0	-1	-1	9	5000	-1		靴子
400	神龙掌门铠甲	10238640	1	3	7	11041043	1	11041033	1	-1	-1	-1	-1	70	0	-1	-1	9	5000	-1		衣服
401	神龙掌门头盔	10208640	1	3	7	11041013	1	11041023	1	-1	-1	-1	-1	70	0	-1	-1	9	5000	-1		头盔
402	神龙掌门腰带	10268640	1	3	7	11041003	1	11041023	1	-1	-1	-1	-1	70	0	-1	-1	9	5000	-1		腰带
403	神龙掌门护手	10258640	1	3	7	11041043	1	11041033	1	-1	-1	-1	-1	70	0	-1	-1	9	5000	-1		护手
404	神龙掌门战靴	10278640	1	3	7	11041043	1	11041053	1	-1	-1	-1	-1	70	0	-1	-1	9	5000	-1		靴子
405	神龙掌门铠甲	10238650	1	3	7	11041043	1	11041033	1	-1	-1	-1	-1	70	0	-1	-1	9	5000	-1		衣服
406	神龙掌门头盔	10208650	1	3	7	11041013	1	11041023	1	-1	-1	-1	-1	70	0	-1	-1	9	5000	-1		头盔
407	神龙掌门腰带	10268650	1	3	7	11041003	1	11041023	1	-1	-1	-1	-1	70	0	-1	-1	9	5000	-1		腰带
408	神龙掌门护手	10258650	1	3	7	11041043	1	11041033	1	-1	-1	-1	-1	70	0	-1	-1	9	5000	-1		护手
409	神龙掌门战靴	10278650	1	3	7	11041043	1	11041053	1	-1	-1	-1	-1	70	0	-1	-1	9	5000	-1		靴子
410	西辽毒灵头盔	10200080	1	3	8	11041013	1	11041023	1	-1	-1	-1	-1	80	0	-1	-1	9	5000	-1		头盔
411	西辽崇武甲	10230080	1	3	8	11041043	1	11041033	1	-1	-1	-1	-1	80	0	-1	-1	9	5000	-1		衣服
412	西辽闪芒护手	10250080	1	3	8	11041043	1	11041033	1	-1	-1	-1	-1	80	0	-1	-1	9	5000	-1		护手
413	西辽银羽腰带	10260080	1	3	8	11041003	1	11041023	1	-1	-1	-1	-1	80	0	-1	-1	9	5000	-1		腰带
414	西辽天魔战靴	10270080	1	3	8	11041043	1	11041053	1	-1	-1	-1	-1	80	0	-1	-1	9	5000	-1		靴子
415	鞑靼翡翠戒指	10280040	1	7	1	11041050	1	-1	-1	-1	-1	-1	-1	10	0	-1	-1	9	5000	-1		戒指
416	鞑靼祥龙手镯	10290040	1	7	1	11041050	1	-1	-1	-1	-1	-1	-1	10	0	-1	-1	9	5000	-1		手镯
417	四象江湖项链	10248400	1	7	2	11041010	1	11041050	1	-1	-1	-1	-1	20	0	-1	-1	9	5000	-1		项链
418	四象江湖项链	10248410	1	7	2	11041010	1	11041050	1	-1	-1	-1	-1	20	0	-1	-1	9	5000	-1		项链
419	四象江湖项链	10248420	1	7	2	11041010	1	11041050	1	-1	-1	-1	-1	20	0	-1	-1	9	5000	-1		项链
420	四象江湖项链	10248430	1	7	2	11041010	1	11041050	1	-1	-1	-1	-1	20	0	-1	-1	9	5000	-1		项链
421	四象江湖项链	10248440	1	7	2	11041010	1	11041050	1	-1	-1	-1	-1	20	0	-1	-1	9	5000	-1		项链
422	四象江湖项链	10248450	1	7	2	11041010	1	11041050	1	-1	-1	-1	-1	20	0	-1	-1	9	5000	-1		项链
423	乃蛮猫眼戒指	10280050	1	7	3	11041051	1	-1	-1	-1	-1	-1	-1	30	0	-1	-1	9	5000	-1		戒指
424	乃蛮夺命手镯	10290050	1	7	3	11041051	1	-1	-1	-1	-1	-1	-1	30	0	-1	-1	9	5000	-1		手镯
425	乌月密文戒指	10280060	1	7	4	11041001	1	11041051	1	-1	-1	-1	-1	40	0	-1	-1	9	5000	-1		戒指
426	乌月泣血手镯	10290060	1	7	4	11041011	1	11041021	1	-1	-1	-1	-1	40	0	-1	-1	9	5000	-1		手镯
427	六合江湖项链	10248500	1	7	5	11041012	1	11041052	1	-1	-1	-1	-1	50	0	-1	-1	9	5000	-1		项链
428	六合江湖项链	10248510	1	7	5	11041012	1	11041052	1	-1	-1	-1	-1	50	0	-1	-1	9	5000	-1		项链
429	六合江湖项链	10248520	1	7	5	11041012	1	11041052	1	-1	-1	-1	-1	50	0	-1	-1	9	5000	-1		项链
430	六合江湖项链	10248530	1	7	5	11041012	1	11041052	1	-1	-1	-1	-1	50	0	-1	-1	9	5000	-1		项链
431	六合江湖项链	10248540	1	7	5	11041012	1	11041052	1	-1	-1	-1	-1	50	0	-1	-1	9	5000	-1		项链
432	六合江湖项链	10248550	1	7	5	11041012	1	11041052	1	-1	-1	-1	-1	50	0	-1	-1	9	5000	-1		项链
433	凤翔时光戒指	10280070	1	7	6	11041002	1	11041052	1	-1	-1	-1	-1	60	0	-1	-1	9	5000	-1		戒指
434	凤翔火云手镯	10290070	1	7	6	11041012	1	11041022	1	-1	-1	-1	-1	60	0	-1	-1	9	5000	-1		手镯
435	神龙掌门项链	10248600	1	7	7	11041013	1	11041053	1	-1	-1	-1	-1	70	0	-1	-1	9	5000	-1		项链
436	神龙掌门项链	10248610	1	7	7	11041013	1	11041053	1	-1	-1	-1	-1	70	0	-1	-1	9	5000	-1		项链
437	神龙掌门项链	10248620	1	7	7	11041013	1	11041053	1	-1	-1	-1	-1	70	0	-1	-1	9	5000	-1		项链
438	神龙掌门项链	10248630	1	7	7	11041013	1	11041053	1	-1	-1	-1	-1	70	0	-1	-1	9	5000	-1		项链
439	神龙掌门项链	10248640	1	7	7	11041013	1	11041053	1	-1	-1	-1	-1	70	0	-1	-1	9	5000	-1		项链
440	神龙掌门项链	10248650	1	7	7	11041013	1	11041053	1	-1	-1	-1	-1	70	0	-1	-1	9	5000	-1		项链
441	西辽彩云戒指	10280080	1	7	8	11041003	1	11041053	1	-1	-1	-1	-1	80	0	-1	-1	9	5000	-1		戒指
442	西辽唤灵手镯	10290080	1	7	8	11041013	1	11041023	1	-1	-1	-1	-1	80	0	-1	-1	9	5000	-1		手镯
443	一级装饰部件	11041000	1	2	1	11030001	2	-1	-1	-1	-1	-1	-1	5	0	-1	-1	1	5000	-1		装饰部件
444	二级装饰部件	11041001	1	2	3	11041000	1	11030003	2	-1	-1	-1	-1	10	0	-1	-1	1	5000	-1		装饰部件
445	三级装饰部件	11041002	1	2	5	11041001	1	11030005	2	11030501	1	-1	-1	15	0	-1	-1	1	5000	-1		装饰部件
446	四级装饰部件	11041003	1	2	7	11041002	1	11030007	2	11030502	1	-1	-1	20	0	-1	-1	1	5000	-1		装饰部件
447	一级藤甲部件	11041010	1	1	1	11020001	2	-1	-1	-1	-1	-1	-1	5	0	-1	-1	1	5000	-1		藤甲部件
448	二级藤甲部件	11041011	1	1	3	11041010	1	11020006	2	-1	-1	-1	-1	10	0	-1	-1	1	5000	-1		藤甲部件
449	三级藤甲部件	11041012	1	1	5	11041011	1	11020010	2	11020501	1	-1	-1	15	0	-1	-1	1	5000	-1		藤甲部件
450	四级藤甲部件	11041013	1	1	7	11041012	1	11020014	2	11020502	1	-1	-1	20	0	-1	-1	1	5000	-1		藤甲部件
451	一级皮革部件	11041020	1	10	1	11030401	2	-1	-1	-1	-1	-1	-1	5	0	-1	-1	1	5000	-1		皮革部件
452	二级皮革部件	11041021	1	10	3	11041020	1	11030402	2	-1	-1	-1	-1	10	0	-1	-1	1	5000	-1		皮革部件
453	三级皮革部件	11041022	1	10	5	11041021	1	11030403	2	11030405	1	-1	-1	15	0	-1	-1	1	5000	-1		皮革部件
454	四级皮革部件	11041023	1	10	7	11041022	1	11030404	2	11030406	1	-1	-1	20	0	-1	-1	1	5000	-1		皮革部件
455	一级锻金部件	11041030	1	6	1	11030001	1	11030401	1	-1	-1	-1	-1	5	0	-1	-1	1	5000	-1		锻金部件
456	二级锻金部件	11041031	1	6	3	11041030	1	11030003	1	11030402	1	-1	-1	10	0	-1	-1	1	5000	-1		锻金部件
457	三级锻金部件	11041032	1	6	5	11041031	1	11030005	1	11030403	1	11030405	1	15	0	-1	-1	1	5000	-1		锻金部件
458	四级锻金部件	11041033	1	6	7	11041032	1	11030007	1	11030404	1	11030406	1	20	0	-1	-1	1	5000	-1		锻金部件
459	一级铁甲部件	11041040	1	3	1	11020002	1	11030001	1	-1	-1	-1	-1	5	0	-1	-1	1	5000	-1		铁甲部件
460	二级铁甲部件	11041041	1	3	3	11041040	1	11020007	1	11030003	1	-1	-1	10	0	-1	-1	1	5000	-1		铁甲部件
461	三级铁甲部件	11041042	1	3	5	11041041	1	11020011	1	11030005	1	11030501	1	15	0	-1	-1	1	5000	-1		铁甲部件
462	四级铁甲部件	11041043	1	3	7	11041042	1	11020015	1	11030007	1	11030502	1	20	0	-1	-1	1	5000	-1		铁甲部件
463	一级工艺部件	11041050	1	7	1	11030401	1	11020002	1	-1	-1	-1	-1	5	0	-1	-1	1	5000	-1		工艺部件
464	二级工艺部件	11041051	1	7	3	11041050	1	11030402	1	11020007	1	-1	-1	10	0	-1	-1	1	5000	-1		工艺部件
465	三级工艺部件	11041052	1	7	5	11041051	1	11030403	1	11020011	1	11020501	1	15	0	-1	-1	1	5000	-1		工艺部件
466	四级工艺部件	11041053	1	7	7	11041052	1	11030404	1	11020015	1	11020502	1	20	0	-1	-1	1	5000	-1		工艺部件
467	血玉钻	11000124	1	2	7	11030007	18	11030621	1	11030502	3	-1	-1	210	0	-1	-1	9	5000	-1		打孔道具
468	良品蒙古马降世符	12050201	1	10	1	11030401	3	-1	-1	-1	-1	-1	-1	10	0	-1	-1	3	5000	-1		坐骑道具
469	良品三河马降世符	12050202	1	10	2	11030401	9	-1	-1	-1	-1	-1	-1	20	0	-1	-1	3	5000	-1		坐骑道具
470	良品伊犁马降世符	12050203	1	10	3	11030402	4	-1	-1	-1	-1	-1	-1	30	0	-1	-1	3	5000	-1		坐骑道具
471	良品波斯马降世符	12050204	1	10	4	11030402	12	11030405	1	-1	-1	-1	-1	40	0	-1	-1	3	5000	-1		坐骑道具
472	良品天方马降世符	12050205	1	10	5	11030403	5	11030405	1	-1	-1	-1	-1	50	0	-1	-1	3	5000	-1		坐骑道具
473	一级锻造徽章	10211104	1	6	3	11041031	3	-1	-1	-1	-1	-1	-1	30	0	-1	-1	3	5000	-1		徽章
474	二级锻造徽章	10211105	1	6	5	11041032	3	-1	-1	-1	-1	-1	-1	50	0	-1	-1	3	5000	-1		徽章
475	三级锻造徽章	10211106	1	6	7	11041003	1	11041033	2	-1	-1	-1	-1	70	0	-1	-1	3	5000	-1		徽章
476	四级锻造徽章	10211107	1	6	8	11041003	1	11041033	3	-1	-1	-1	-1	80	0	-1	-1	3	5000	-1		徽章
477	一级工艺披风	10222203	1	7	2	11041020	2	11041050	2	-1	-1	-1	-1	20	0	-1	-1	3	5000	-1		披风
478	二级工艺披风	10222204	1	7	4	11041021	2	11041051	2	-1	-1	-1	-1	40	0	-1	-1	3	5000	-1		披风
479	三级工艺披风	10222205	1	7	6	11041052	2	11041022	2	-1	-1	-1	-1	60	0	-1	-1	3	5000	-1		披风
480	四级工艺披风	10222206	1	7	8	11041053	2	11041023	2	-1	-1	-1	-1	80	0	-1	-1	3	5000	-1		披风
481	甘醇马奶酒	12010101	1	1	1	11020001	1	12010100	1	-1	-1	-1	-1	10	0	-1	-1	3	5000	-1		恢复药水
482	中原草药术测试用配方	12225000	1	2	5	12225000	1	-1	-1	-1	-1	-1	-1	10	0	-1	-1	3	5000	-1		恢复药水
483	印度珠宝术测试用配方	12225001	1	1	5	12225001	1	-1	-1	-1	-1	-1	-1	10	0	-1	-1	3	5000	-1		恢复药水
484	蒙古驯马术测试用配方	12225002	1	10	5	12225002	1	-1	-1	-1	-1	-1	-1	10	0	-1	-1	3	5000	-1		恢复药水
485	突厥锻造术测试用配方	12225003	1	6	5	12225003	1	-1	-1	-1	-1	-1	-1	10	0	-1	-1	3	5000	-1		恢复药水
486	罗马铸甲术测试用配方	12225004	1	3	5	12225004	1	-1	-1	-1	-1	-1	-1	10	0	-1	-1	3	5000	-1		恢复药水
487	波斯工艺术测试用配方	12225005	1	7	5	12225005	1	-1	-1	-1	-1	-1	-1	10	0	-1	-1	3	5000	-1		恢复药水
488	百花玉露丹（5个）	12010204	5	1	9	11990207	5	11020073	25	11020502	15	-1	-1	360	82800000	-1	207	12	5000	-1		大师专属制造
489	神芝怒气丹	12020041	1	1	9	11990207	1	11020083	5	11020502	3	-1	-1	90	0	-1	-1	3	5000	-1		恢复药水
490	琥珀疾风丹	12020042	1	1	9	11990207	1	11020083	5	11020502	3	-1	-1	90	0	-1	-1	3	5000	-1		恢复药水
491	鲛珠通络丹	12020043	1	1	9	11990207	1	11020083	5	11020502	3	-1	-1	90	0	-1	-1	3	5000	-1		恢复药水
492	烈焰威灵丹	12020044	1	1	9	11990207	1	11020083	5	11020502	3	-1	-1	90	0	-1	-1	3	5000	-1		恢复药水
493	万灵玄冥丹	12020045	1	1	9	11990207	1	11020083	5	11020502	3	-1	-1	90	0	-1	-1	3	5000	-1		恢复药水
494	龙涎理气丹	12020046	1	1	9	11990207	1	11020083	5	11020502	3	-1	-1	90	0	-1	-1	3	5000	-1		恢复药水
495	芝草断续丹	12010304	1	1	9	11990207	1	11020073	5	11020502	3	-1	-1	90	0	-1	-1	3	5000	-1		恢复药水
496	五行神力丸（3个）	12041015	3	1	9	11990207	3	11020073	30	11020502	9	-1	-1	270	82800000	-1	207	9	5000	-1		大师专属制造
497	五行仙火丸（3个）	12041035	3	1	9	11990207	3	11020073	30	11020502	9	-1	-1	270	82800000	-1	207	9	5000	-1		大师专属制造
498	五行魔道丸（3个）	12041025	3	1	9	11990207	3	11020073	30	11020502	9	-1	-1	270	82800000	-1	207	9	5000	-1		大师专属制造
499	大师级红龙晶	14010018	1	2	9	14010017	1	11030635	1	11020063	10	11030502	5	270	82800000	-1	208	9	5000	-1		大师专属制造
500	大师级绿龙晶	14020018	1	2	9	14020017	1	11030635	1	11020063	10	11030502	5	270	82800000	-1	208	9	5000	-1		大师专属制造
501	大师级黄龙晶	14030018	1	2	9	14030017	1	11030635	1	11020063	10	11030502	5	270	82800000	-1	208	9	5000	-1		大师专属制造
502	大师级蓝龙晶	14040018	1	2	9	14040017	1	11030635	1	11020063	10	11030502	5	270	82800000	-1	208	9	5000	-1		大师专属制造
503	大师级金光石	14040012	1	2	9	14040011	1	11030635	1	11020063	10	11030502	5	270	82800000	-1	208	9	5000	-1		大师专属制造
504	炼银钻	11000103	1	2	9	11020063	10	11030636	1	11030502	5	-1	-1	270	82800000	-1	208	9	5000	-1		大师专属制造
505	骑术强化符：一级健体（3个）	12041210	3	10	9	12240002	3	11020053	9	11030406	9	-1	-1	270	82800000	-1	209	9	5000	-1		大师专属制造
506	骑术强化符：一级蛮力（3个）	12041211	3	10	9	12240002	3	11020053	9	11030406	9	-1	-1	270	82800000	-1	209	9	5000	-1		大师专属制造
507	骑术强化符：一级聪慧（3个）	12041212	3	10	9	12240002	3	11020053	9	11030406	9	-1	-1	270	82800000	-1	209	9	5000	-1		大师专属制造
508	骑术强化符：一级追影（3个）	12041213	3	10	9	12240002	3	11020053	9	11030406	9	-1	-1	270	82800000	-1	209	9	5000	-1		大师专属制造
509	骑术强化符：一级全能（3个）	12041214	3	10	9	12240002	3	11020053	9	11030406	9	-1	-1	270	82800000	-1	209	9	5000	-1		大师专属制造
510	突厥江E刀	10010090	1	6	9	11041003	1	11041033	1	-1	-1	-1	-1	90	0	-1	-1	9	5000	-1		主武器
511	突厥蛟牙剑	10020090	1	6	9	11041003	1	11041033	1	-1	-1	-1	-1	90	0	-1	-1	9	5000	-1		主武器
512	突厥燃眉弓	10030090	1	6	9	11041003	1	11041033	1	-1	-1	-1	-1	90	0	-1	-1	9	5000	-1		主武器
513	突厥射天枪	10040090	1	6	9	11041003	1	11041033	1	-1	-1	-1	-1	90	0	-1	-1	9	5000	-1		主武器
514	突厥缘魂杖	10050090	1	6	9	11041003	1	11041033	1	-1	-1	-1	-1	90	0	-1	-1	9	5000	-1		主武器
515	突厥避邪槌	10060090	1	6	9	11041003	1	11041033	1	-1	-1	-1	-1	90	0	-1	-1	9	5000	-1		主武器
516	突厥江E盾	10070090	1	6	9	11041043	1	11041033	1	-1	-1	-1	-1	90	0	-1	-1	9	5000	-1		副武器
517	突厥雨露锏	10080090	1	6	9	11041043	1	11041033	1	-1	-1	-1	-1	90	0	-1	-1	9	5000	-1		副武器
518	突厥无影箭	10090090	1	6	9	11041043	1	11041033	1	-1	-1	-1	-1	90	0	-1	-1	9	5000	-1		副武器
519	突厥破军弹	10100090	1	6	9	11041043	1	11041033	1	-1	-1	-1	-1	90	0	-1	-1	9	5000	-1		副武器
520	突厥天灵号	10110090	1	6	9	11041043	1	11041033	1	-1	-1	-1	-1	90	0	-1	-1	9	5000	-1		副武器
521	突厥烈狱鼓	10120090	1	6	9	11041043	1	11041033	1	-1	-1	-1	-1	90	0	-1	-1	9	5000	-1		副武器
522	五级锻造徽章	10211108	1	6	9	11041003	2	11041033	2	-1	-1	-1	-1	90	0	-1	-1	9	5000	-1		徽章
523	一级碎甲丸（3个）	12041110	3	6	9	11041033	3	11041042	3	-1	-1	-1	-1	270	82800000	-1	210	27	5000	-1		大师专属制造
524	一级穿甲丸（3个）	12041111	3	6	9	11041033	3	11041052	3	-1	-1	-1	-1	270	82800000	-1	210	27	5000	-1		大师专属制造
525	一级熔甲丸（3个）	12041112	3	6	9	11041033	3	11041022	3	-1	-1	-1	-1	270	82800000	-1	210	27	5000	-1		大师专属制造
526	突厥虔诚头盔	10200090	1	3	9	11041013	1	11041023	1	-1	-1	-1	-1	90	0	-1	-1	9	5000	-1		头盔
527	突厥龙吟甲	10230090	1	3	9	11041043	1	11041033	1	-1	-1	-1	-1	90	0	-1	-1	9	5000	-1		衣服
528	突厥金乌护手	10250090	1	3	9	11041043	1	11041033	1	-1	-1	-1	-1	90	0	-1	-1	9	5000	-1		护手
529	突厥陶朱腰带	10260090	1	3	9	11041003	1	11041023	1	-1	-1	-1	-1	90	0	-1	-1	9	5000	-1		腰带
530	突厥魔龙战靴	10270090	1	3	9	11041043	1	11041053	1	-1	-1	-1	-1	90	0	-1	-1	9	5000	-1		靴子
531	神级炼金石	11000505	1	3	9	11041042	1	11041052	1	11041032	1	-1	-1	90	0	-1	-1	3	5000	-1		特殊道具
532	突厥墨云戒指	10280090	1	7	9	11041003	1	11041053	1	-1	-1	-1	-1	90	0	-1	-1	9	5000	-1		戒指
533	突厥水华手镯	10290090	1	7	9	11041013	1	11041023	1	-1	-1	-1	-1	90	0	-1	-1	9	5000	-1		手镯
534	五级工艺披风	10222207	1	7	9	11041053	3	11041023	3	-1	-1	-1	-1	90	0	-1	-1	9	5000	-1		披风
535	乱士符（5个）	11970021	5	7	9	11020073	5	11020083	5	11020053	5	11020063	5	360	82800000	-1	212	27	5000	-1		大师专属制造
536	优质符文布（10个）	12240002	10	7	9	12240001	10	11041051	10	11041041	10	-1	-1	360	82800000	-1	212	27	5000	-1		大师专属制造
537	世传水晶精华	11020030	1	10	5	11000200	5	-1	-1	-1	-1	-1	-1	10	0	-1	-1	1	5000	-1		精华
538	国传水晶精华	11020031	1	10	6	11000201	5	-1	-1	-1	-1	-1	-1	10	0	-1	-1	1	5000	-1		精华
539	神传水晶精华	11020032	1	10	7	11000202	5	-1	-1	-1	-1	-1	-1	10	0	-1	-1	1	5000	-1		精华
540	天传水晶精华	11020033	1	10	8	11000203	5	-1	-1	-1	-1	-1	-1	10	0	-1	-1	1	5000	-1		精华
541	初级龙眼石精华	11020040	1	2	5	11050001	5	-1	-1	-1	-1	-1	-1	10	0	-1	-1	1	5000	-1		精华
542	中级龙眼石精华	11020041	1	2	6	11050002	5	-1	-1	-1	-1	-1	-1	10	0	-1	-1	1	5000	-1		精华
543	高级龙眼石精华	11020042	1	2	7	11050003	5	-1	-1	-1	-1	-1	-1	10	0	-1	-1	1	5000	-1		精华
544	天之龙眼石精华	11020043	1	2	8	11050004	5	-1	-1	-1	-1	-1	-1	10	0	-1	-1	1	5000	-1		精华
545	马蜂精华	11020050	1	3	5	11030401	20	-1	-1	-1	-1	-1	-1	10	0	-1	-1	1	5000	-1		精华
546	牛虻精华	11020051	1	3	6	11030402	10	11020050	1	-1	-1	-1	-1	10	0	-1	-1	1	5000	-1		精华
547	吸血蝙蝠精华	11020052	1	3	7	11030403	5	11020051	1	-1	-1	-1	-1	10	0	-1	-1	1	5000	-1		精华
548	碧血蟾蜍精华	11020053	1	3	8	11030404	2	11020052	1	-1	-1	-1	-1	10	0	-1	-1	1	5000	-1		精华
549	初级矿石精华	11020060	1	6	5	11030001	20	-1	-1	-1	-1	-1	-1	10	0	-1	-1	1	5000	-1		精华
550	中级矿石精华	11020061	1	6	6	11030003	10	11020060	1	-1	-1	-1	-1	10	0	-1	-1	1	5000	-1		精华
551	高级矿石精华	11020062	1	6	7	11030005	5	11020061	1	-1	-1	-1	-1	10	0	-1	-1	1	5000	-1		精华
552	圣徒级矿石精华	11020063	1	6	8	11030007	2	11020062	1	-1	-1	-1	-1	10	0	-1	-1	1	5000	-1		精华
553	甘草精华	11020070	1	7	5	11020001	20	-1	-1	-1	-1	-1	-1	10	0	-1	-1	1	5000	-1		精华
554	茯苓精华	11020071	1	7	6	11020006	10	11020070	1	-1	-1	-1	-1	10	0	-1	-1	1	5000	-1		精华
555	天麻精华	11020072	1	7	7	11020010	5	11020071	1	-1	-1	-1	-1	10	0	-1	-1	1	5000	-1		精华
556	防风精华	11020073	1	7	8	11020014	2	11020072	1	-1	-1	-1	-1	10	0	-1	-1	1	5000	-1		精华
557	红花精华	11020080	1	1	5	11020002	20	-1	-1	-1	-1	-1	-1	10	0	-1	-1	1	5000	-1		精华
558	伸筋藤精华	11020081	1	1	6	11020007	10	11020080	1	-1	-1	-1	-1	10	0	-1	-1	1	5000	-1		精华
559	朱砂精华	11020082	1	1	7	11020011	5	11020081	1	-1	-1	-1	-1	10	0	-1	-1	1	5000	-1		精华
560	桂枝精华	11020083	1	1	8	11020015	2	11020082	1	-1	-1	-1	-1	10	0	-1	-1	1	5000	-1		精华
561	宗师级洗石剂	11000905	1	2	9	11000902	10	11020063	1	-1	-1	-1	-1	270	82800000	-1	208	9	5000	-1		大师专属制造
562	天级炼金石	11000506	1	3	9	11000505	1	11020063	1	-1	-1	-1	-1	90	0	-1	-1	3	5000	-1		特殊道具
563	黄紫海蓝水银	11000500	1	3	9	11010019	4	11020053	2	-1	-1	-1	-1	90	82800000	-1	211	3	5000	-1		大师专属制造
564	黄紫水火水银	11000502	1	3	9	11010019	2	11020083	2	-1	-1	-1	-1	90	82800000	-1	211	3	5000	-1		大师专属制造
565	黄紫晕光水银	11000503	1	3	9	11010019	5	11020063	2	-1	-1	-1	-1	90	82800000	-1	211	3	5000	-1		大师专属制造
566	黄紫炫彩水银	11000504	1	3	9	11010019	3	11020073	2	-1	-1	-1	-1	90	82800000	-1	211	3	5000	-1		大师专属制造
567	暴击神水（3个）	12041092	3	6	9	11041033	6	11020083	6	11020073	6	-1	-1	270	82800000	-1	210	27	5000	-1		大师专属制造
568	一级碎甲丸（3个）	12041110	3	3	9	11041043	3	11041032	3	-1	-1	-1	-1	270	82800000	-1	211	27	5000	-1		大师专属制造
569	一级穿甲丸（3个）	12041111	3	3	9	11041043	3	11041052	3	-1	-1	-1	-1	270	82800000	-1	211	27	5000	-1		大师专属制造
570	一级熔甲丸（3个）	12041112	3	3	9	11041043	3	11041022	3	-1	-1	-1	-1	270	82800000	-1	211	27	5000	-1		大师专属制造
571	天龙掌门戒指	10285001	1	7	9	11041003	80	11041023	80	11041033	80	11020043	100	90	82800000	-1	212	27	5000	-1		大师专属制造
572	天龙掌门手镯	10295001	1	7	9	11041053	80	11041013	80	11041043	80	11020033	100	90	82800000	-1	212	27	5000	-1		大师专属制造
573	四象江湖之弩	10372025	1	6	2	11041000	1	11041030	1	-1	-1	-1	-1	20	0	-1	-1	9	5000	-1		主武器
574	四象江湖之铳	10382025	1	6	2	11041000	1	11041030	1	-1	-1	-1	-1	20	0	-1	-1	9	5000	-1		主武器
575	四象江湖之圣十字	10392025	1	6	2	11041000	1	11041030	1	-1	-1	-1	-1	20	0	-1	-1	9	5000	-1		主武器
576	四象江湖之幡	10402025	1	6	2	11041000	1	11041030	1	-1	-1	-1	-1	20	0	-1	-1	9	5000	-1		主武器
577	四象江湖之重盾	10412025	1	6	2	11041040	1	11041030	1	-1	-1	-1	-1	20	0	-1	-1	9	5000	-1		副武器
578	四象江湖之牌	10422025	1	6	2	11041040	1	11041030	1	-1	-1	-1	-1	20	0	-1	-1	9	5000	-1		副武器
579	四象江湖弩箭	10432025	1	6	2	11041040	1	11041030	1	-1	-1	-1	-1	20	0	-1	-1	9	5000	-1		副武器
580	四象江湖炮弹	10442025	1	6	2	11041040	1	11041030	1	-1	-1	-1	-1	20	0	-1	-1	9	5000	-1		副武器
581	四象江湖之圣经	10452025	1	6	2	11041040	1	11041030	1	-1	-1	-1	-1	20	0	-1	-1	9	5000	-1		副武器
582	四象江湖之佛珠	10462025	1	6	2	11041040	1	11041030	1	-1	-1	-1	-1	20	0	-1	-1	9	5000	-1		副武器
583	六合江湖之矛	10352026	1	6	5	11041032	1	-1	-1	-1	-1	-1	-1	50	0	-1	-1	9	5000	-1		主武器
584	六合江湖之令	10362026	1	6	5	11041032	1	-1	-1	-1	-1	-1	-1	50	0	-1	-1	9	5000	-1		主武器
585	六合江湖之弩	10372026	1	6	5	11041032	1	-1	-1	-1	-1	-1	-1	50	0	-1	-1	9	5000	-1		主武器
586	六合江湖之铳	10382026	1	6	5	11041032	1	-1	-1	-1	-1	-1	-1	50	0	-1	-1	9	5000	-1		主武器
587	六合江湖之圣十字	10392026	1	6	5	11041032	1	-1	-1	-1	-1	-1	-1	50	0	-1	-1	9	5000	-1		主武器
588	六合江湖之幡	10402026	1	6	5	11041032	1	-1	-1	-1	-1	-1	-1	50	0	-1	-1	9	5000	-1		主武器
589	六合江湖之重盾	10412026	1	6	5	11041032	1	-1	-1	-1	-1	-1	-1	50	0	-1	-1	9	5000	-1		副武器
590	六合江湖之牌	10422026	1	6	5	11041032	1	-1	-1	-1	-1	-1	-1	50	0	-1	-1	9	5000	-1		副武器
591	六合江湖弩箭	10432026	1	6	5	11041032	1	-1	-1	-1	-1	-1	-1	50	0	-1	-1	9	5000	-1		副武器
592	六合江湖炮弹	10442026	1	6	5	11041032	1	-1	-1	-1	-1	-1	-1	50	0	-1	-1	9	5000	-1		副武器
593	六合江湖之圣经	10452026	1	6	5	11041032	1	-1	-1	-1	-1	-1	-1	50	0	-1	-1	9	5000	-1		副武器
594	六合江湖之佛珠	10462026	1	6	5	11041032	1	-1	-1	-1	-1	-1	-1	50	0	-1	-1	9	5000	-1		副武器
595	神龙掌门之矛	10354200	1	6	7	11041003	1	11041033	1	-1	-1	-1	-1	70	0	-1	-1	9	5000	-1		主武器
596	神龙掌门之令	10364200	1	6	7	11041003	1	11041033	1	-1	-1	-1	-1	70	0	-1	-1	9	5000	-1		主武器
597	神龙掌门之弩	10374200	1	6	7	11041003	1	11041033	1	-1	-1	-1	-1	70	0	-1	-1	9	5000	-1		主武器
598	神龙掌门之铳	10384200	1	6	7	11041003	1	11041033	1	-1	-1	-1	-1	70	0	-1	-1	9	5000	-1		主武器
599	神龙掌门之圣十字	10394200	1	6	7	11041003	1	11041033	1	-1	-1	-1	-1	70	0	-1	-1	9	5000	-1		主武器
600	神龙掌门之幡	10404200	1	6	7	11041003	1	11041033	1	-1	-1	-1	-1	70	0	-1	-1	9	5000	-1		主武器
601	神龙掌门之重盾	10414200	1	6	7	11041043	1	11041033	1	-1	-1	-1	-1	70	0	-1	-1	9	5000	-1		副武器
602	神龙掌门之牌	10424200	1	6	7	11041043	1	11041033	1	-1	-1	-1	-1	70	0	-1	-1	9	5000	-1		副武器
603	神龙掌门弩箭	10434200	1	6	7	11041043	1	11041033	1	-1	-1	-1	-1	70	0	-1	-1	9	5000	-1		副武器
604	神龙掌门炮弹	10444200	1	6	7	11041043	1	11041033	1	-1	-1	-1	-1	70	0	-1	-1	9	5000	-1		副武器
605	神龙掌门之圣经	10454200	1	6	7	11041043	1	11041033	1	-1	-1	-1	-1	70	0	-1	-1	9	5000	-1		副武器
606	神龙掌门之佛珠	10464200	1	6	7	11041043	1	11041033	1	-1	-1	-1	-1	70	0	-1	-1	9	5000	-1		副武器
607	四象江湖铠甲	10239266	1	3	2	11041040	1	11041030	1	-1	-1	-1	-1	20	0	-1	-1	9	5000	-1		衣服
608	四象江湖头盔	10209242	1	3	2	11041010	1	11041020	1	-1	-1	-1	-1	20	0	-1	-1	9	5000	-1		头盔
609	四象江湖腰带	10269266	1	3	2	11041000	1	11041020	1	-1	-1	-1	-1	20	0	-1	-1	9	5000	-1		腰带
610	四象江湖护手	10259266	1	3	2	11041040	1	11041030	1	-1	-1	-1	-1	20	0	-1	-1	9	5000	-1		护手
611	四象江湖战靴	10279266	1	3	2	11041040	1	11041050	1	-1	-1	-1	-1	20	0	-1	-1	9	5000	-1		靴子
612	四象江湖铠甲	10239267	1	3	2	11041040	1	11041030	1	-1	-1	-1	-1	20	0	-1	-1	9	5000	-1		衣服
613	四象江湖头盔	10209243	1	3	2	11041010	1	11041020	1	-1	-1	-1	-1	20	0	-1	-1	9	5000	-1		头盔
614	四象江湖腰带	10269267	1	3	2	11041000	1	11041020	1	-1	-1	-1	-1	20	0	-1	-1	9	5000	-1		腰带
615	四象江湖护手	10259267	1	3	2	11041040	1	11041030	1	-1	-1	-1	-1	20	0	-1	-1	9	5000	-1		护手
616	四象江湖战靴	10279267	1	3	2	11041040	1	11041050	1	-1	-1	-1	-1	20	0	-1	-1	9	5000	-1		靴子
617	四象江湖铠甲	10239268	1	3	2	11041040	1	11041030	1	-1	-1	-1	-1	20	0	-1	-1	9	5000	-1		衣服
618	四象江湖头盔	10209244	1	3	2	11041010	1	11041020	1	-1	-1	-1	-1	20	0	-1	-1	9	5000	-1		头盔
619	四象江湖腰带	10269268	1	3	2	11041000	1	11041020	1	-1	-1	-1	-1	20	0	-1	-1	9	5000	-1		腰带
620	四象江湖护手	10259268	1	3	2	11041040	1	11041030	1	-1	-1	-1	-1	20	0	-1	-1	9	5000	-1		护手
621	四象江湖战靴	10279268	1	3	2	11041040	1	11041050	1	-1	-1	-1	-1	20	0	-1	-1	9	5000	-1		靴子
622	四象江湖铠甲	10239269	1	3	2	11041040	1	11041030	1	-1	-1	-1	-1	20	0	-1	-1	9	5000	-1		衣服
623	四象江湖头盔	10209245	1	3	2	11041010	1	11041020	1	-1	-1	-1	-1	20	0	-1	-1	9	5000	-1		头盔
624	四象江湖腰带	10269269	1	3	2	11041000	1	11041020	1	-1	-1	-1	-1	20	0	-1	-1	9	5000	-1		腰带
625	四象江湖护手	10259269	1	3	2	11041040	1	11041030	1	-1	-1	-1	-1	20	0	-1	-1	9	5000	-1		护手
626	四象江湖战靴	10279269	1	3	2	11041040	1	11041050	1	-1	-1	-1	-1	20	0	-1	-1	9	5000	-1		靴子
627	四象江湖铠甲	10239270	1	3	2	11041040	1	11041030	1	-1	-1	-1	-1	20	0	-1	-1	9	5000	-1		衣服
628	四象江湖头盔	10209246	1	3	2	11041010	1	11041020	1	-1	-1	-1	-1	20	0	-1	-1	9	5000	-1		头盔
629	四象江湖腰带	10269270	1	3	2	11041000	1	11041020	1	-1	-1	-1	-1	20	0	-1	-1	9	5000	-1		腰带
630	四象江湖护手	10259270	1	3	2	11041040	1	11041030	1	-1	-1	-1	-1	20	0	-1	-1	9	5000	-1		护手
631	四象江湖战靴	10279270	1	3	2	11041040	1	11041050	1	-1	-1	-1	-1	20	0	-1	-1	9	5000	-1		靴子
632	四象江湖铠甲	10239271	1	3	2	11041040	1	11041030	1	-1	-1	-1	-1	20	0	-1	-1	9	5000	-1		衣服
633	四象江湖头盔	10209247	1	3	2	11041010	1	11041020	1	-1	-1	-1	-1	20	0	-1	-1	9	5000	-1		头盔
634	四象江湖腰带	10269271	1	3	2	11041000	1	11041020	1	-1	-1	-1	-1	20	0	-1	-1	9	5000	-1		腰带
635	四象江湖护手	10259271	1	3	2	11041040	1	11041030	1	-1	-1	-1	-1	20	0	-1	-1	9	5000	-1		护手
636	四象江湖战靴	10279271	1	3	2	11041040	1	11041050	1	-1	-1	-1	-1	20	0	-1	-1	9	5000	-1		靴子
637	六合江湖铠甲	10239272	1	3	5	11041042	1	11041032	1	-1	-1	-1	-1	50	0	-1	-1	9	5000	-1		衣服
638	六合江湖头盔	10209248	1	3	5	11041012	1	11041022	1	-1	-1	-1	-1	50	0	-1	-1	9	5000	-1		头盔
639	六合江湖腰带	10269272	1	3	5	11041002	1	11041022	1	-1	-1	-1	-1	50	0	-1	-1	9	5000	-1		腰带
640	六合江湖护手	10259272	1	3	5	11041042	1	11041032	1	-1	-1	-1	-1	50	0	-1	-1	9	5000	-1		护手
641	六合江湖战靴	10279272	1	3	5	11041042	1	11041052	1	-1	-1	-1	-1	50	0	-1	-1	9	5000	-1		靴子
642	六合江湖铠甲	10239273	1	3	5	11041042	1	11041032	1	-1	-1	-1	-1	50	0	-1	-1	9	5000	-1		衣服
643	六合江湖头盔	10209249	1	3	5	11041012	1	11041022	1	-1	-1	-1	-1	50	0	-1	-1	9	5000	-1		头盔
644	六合江湖腰带	10269273	1	3	5	11041002	1	11041022	1	-1	-1	-1	-1	50	0	-1	-1	9	5000	-1		腰带
645	六合江湖护手	10259273	1	3	5	11041042	1	11041032	1	-1	-1	-1	-1	50	0	-1	-1	9	5000	-1		护手
646	六合江湖战靴	10279273	1	3	5	11041042	1	11041052	1	-1	-1	-1	-1	50	0	-1	-1	9	5000	-1		靴子
647	六合江湖铠甲	10239274	1	3	5	11041042	1	11041032	1	-1	-1	-1	-1	50	0	-1	-1	9	5000	-1		衣服
648	六合江湖头盔	10209250	1	3	5	11041012	1	11041022	1	-1	-1	-1	-1	50	0	-1	-1	9	5000	-1		头盔
649	六合江湖腰带	10269274	1	3	5	11041002	1	11041022	1	-1	-1	-1	-1	50	0	-1	-1	9	5000	-1		腰带
650	六合江湖护手	10259274	1	3	5	11041042	1	11041032	1	-1	-1	-1	-1	50	0	-1	-1	9	5000	-1		护手
651	六合江湖战靴	10279274	1	3	5	11041042	1	11041052	1	-1	-1	-1	-1	50	0	-1	-1	9	5000	-1		靴子
652	六合江湖铠甲	10239275	1	3	5	11041042	1	11041032	1	-1	-1	-1	-1	50	0	-1	-1	9	5000	-1		衣服
653	六合江湖头盔	10209251	1	3	5	11041012	1	11041022	1	-1	-1	-1	-1	50	0	-1	-1	9	5000	-1		头盔
654	六合江湖腰带	10269275	1	3	5	11041002	1	11041022	1	-1	-1	-1	-1	50	0	-1	-1	9	5000	-1		腰带
655	六合江湖护手	10259275	1	3	5	11041042	1	11041032	1	-1	-1	-1	-1	50	0	-1	-1	9	5000	-1		护手
656	六合江湖战靴	10279275	1	3	5	11041042	1	11041052	1	-1	-1	-1	-1	50	0	-1	-1	9	5000	-1		靴子
657	六合江湖铠甲	10239276	1	3	5	11041042	1	11041032	1	-1	-1	-1	-1	50	0	-1	-1	9	5000	-1		衣服
658	六合江湖头盔	10209252	1	3	5	11041012	1	11041022	1	-1	-1	-1	-1	50	0	-1	-1	9	5000	-1		头盔
659	六合江湖腰带	10269276	1	3	5	11041002	1	11041022	1	-1	-1	-1	-1	50	0	-1	-1	9	5000	-1		腰带
660	六合江湖护手	10259276	1	3	5	11041042	1	11041032	1	-1	-1	-1	-1	50	0	-1	-1	9	5000	-1		护手
661	六合江湖战靴	10279276	1	3	5	11041042	1	11041052	1	-1	-1	-1	-1	50	0	-1	-1	9	5000	-1		靴子
662	六合江湖铠甲	10239277	1	3	5	11041042	1	11041032	1	-1	-1	-1	-1	50	0	-1	-1	9	5000	-1		衣服
663	六合江湖头盔	10209253	1	3	5	11041012	1	11041022	1	-1	-1	-1	-1	50	0	-1	-1	9	5000	-1		头盔
664	六合江湖腰带	10269277	1	3	5	11041002	1	11041022	1	-1	-1	-1	-1	50	0	-1	-1	9	5000	-1		腰带
665	六合江湖护手	10259277	1	3	5	11041042	1	11041032	1	-1	-1	-1	-1	50	0	-1	-1	9	5000	-1		护手
666	六合江湖战靴	10279277	1	3	5	11041042	1	11041052	1	-1	-1	-1	-1	50	0	-1	-1	9	5000	-1		靴子
667	神龙掌门铠甲	10239278	1	3	7	11041043	1	11041033	1	-1	-1	-1	-1	70	0	-1	-1	9	5000	-1		衣服
668	神龙掌门头盔	10209254	1	3	7	11041013	1	11041023	1	-1	-1	-1	-1	70	0	-1	-1	9	5000	-1		头盔
669	神龙掌门腰带	10269278	1	3	7	11041003	1	11041023	1	-1	-1	-1	-1	70	0	-1	-1	9	5000	-1		腰带
670	神龙掌门护手	10259278	1	3	7	11041043	1	11041033	1	-1	-1	-1	-1	70	0	-1	-1	9	5000	-1		护手
671	神龙掌门战靴	10279278	1	3	7	11041043	1	11041053	1	-1	-1	-1	-1	70	0	-1	-1	9	5000	-1		靴子
672	神龙掌门铠甲	10239279	1	3	7	11041043	1	11041033	1	-1	-1	-1	-1	70	0	-1	-1	9	5000	-1		衣服
673	神龙掌门头盔	10209255	1	3	7	11041013	1	11041023	1	-1	-1	-1	-1	70	0	-1	-1	9	5000	-1		头盔
674	神龙掌门腰带	10269279	1	3	7	11041003	1	11041023	1	-1	-1	-1	-1	70	0	-1	-1	9	5000	-1		腰带
675	神龙掌门护手	10259279	1	3	7	11041043	1	11041033	1	-1	-1	-1	-1	70	0	-1	-1	9	5000	-1		护手
676	神龙掌门战靴	10279279	1	3	7	11041043	1	11041053	1	-1	-1	-1	-1	70	0	-1	-1	9	5000	-1		靴子
677	神龙掌门铠甲	10239280	1	3	7	11041043	1	11041033	1	-1	-1	-1	-1	70	0	-1	-1	9	5000	-1		衣服
678	神龙掌门头盔	10209256	1	3	7	11041013	1	11041023	1	-1	-1	-1	-1	70	0	-1	-1	9	5000	-1		头盔
679	神龙掌门腰带	10269280	1	3	7	11041003	1	11041023	1	-1	-1	-1	-1	70	0	-1	-1	9	5000	-1		腰带
680	神龙掌门护手	10259280	1	3	7	11041043	1	11041033	1	-1	-1	-1	-1	70	0	-1	-1	9	5000	-1		护手
681	神龙掌门战靴	10279280	1	3	7	11041043	1	11041053	1	-1	-1	-1	-1	70	0	-1	-1	9	5000	-1		靴子
682	神龙掌门铠甲	10239281	1	3	7	11041043	1	11041033	1	-1	-1	-1	-1	70	0	-1	-1	9	5000	-1		衣服
683	神龙掌门头盔	10209257	1	3	7	11041013	1	11041023	1	-1	-1	-1	-1	70	0	-1	-1	9	5000	-1		头盔
684	神龙掌门腰带	10269281	1	3	7	11041003	1	11041023	1	-1	-1	-1	-1	70	0	-1	-1	9	5000	-1		腰带
685	神龙掌门护手	10259281	1	3	7	11041043	1	11041033	1	-1	-1	-1	-1	70	0	-1	-1	9	5000	-1		护手
686	神龙掌门战靴	10279281	1	3	7	11041043	1	11041053	1	-1	-1	-1	-1	70	0	-1	-1	9	5000	-1		靴子
687	神龙掌门铠甲	10239282	1	3	7	11041043	1	11041033	1	-1	-1	-1	-1	70	0	-1	-1	9	5000	-1		衣服
688	神龙掌门头盔	10209258	1	3	7	11041013	1	11041023	1	-1	-1	-1	-1	70	0	-1	-1	9	5000	-1		头盔
689	神龙掌门腰带	10269282	1	3	7	11041003	1	11041023	1	-1	-1	-1	-1	70	0	-1	-1	9	5000	-1		腰带
690	神龙掌门护手	10259282	1	3	7	11041043	1	11041033	1	-1	-1	-1	-1	70	0	-1	-1	9	5000	-1		护手
691	神龙掌门战靴	10279282	1	3	7	11041043	1	11041053	1	-1	-1	-1	-1	70	0	-1	-1	9	5000	-1		靴子
692	神龙掌门铠甲	10239283	1	3	7	11041043	1	11041033	1	-1	-1	-1	-1	70	0	-1	-1	9	5000	-1		衣服
693	神龙掌门头盔	10209259	1	3	7	11041013	1	11041023	1	-1	-1	-1	-1	70	0	-1	-1	9	5000	-1		头盔
694	神龙掌门腰带	10269283	1	3	7	11041003	1	11041023	1	-1	-1	-1	-1	70	0	-1	-1	9	5000	-1		腰带
695	神龙掌门护手	10259283	1	3	7	11041043	1	11041033	1	-1	-1	-1	-1	70	0	-1	-1	9	5000	-1		护手
696	神龙掌门战靴	10279283	1	3	7	11041043	1	11041053	1	-1	-1	-1	-1	70	0	-1	-1	9	5000	-1		靴子
697	四象江湖项链	10249266	1	7	2	11041010	1	11041050	1	-1	-1	-1	-1	20	0	-1	-1	9	5000	-1		项链
698	四象江湖项链	10249267	1	7	2	11041010	1	11041050	1	-1	-1	-1	-1	20	0	-1	-1	9	5000	-1		项链
699	四象江湖项链	10249268	1	7	2	11041010	1	11041050	1	-1	-1	-1	-1	20	0	-1	-1	9	5000	-1		项链
700	四象江湖项链	10249269	1	7	2	11041010	1	11041050	1	-1	-1	-1	-1	20	0	-1	-1	9	5000	-1		项链
701	四象江湖项链	10249270	1	7	2	11041010	1	11041050	1	-1	-1	-1	-1	20	0	-1	-1	9	5000	-1		项链
702	四象江湖项链	10249271	1	7	2	11041010	1	11041050	1	-1	-1	-1	-1	20	0	-1	-1	9	5000	-1		项链
703	六合江湖项链	10249272	1	7	5	11041012	1	11041052	1	-1	-1	-1	-1	50	0	-1	-1	9	5000	-1		项链
704	六合江湖项链	10249273	1	7	5	11041012	1	11041052	1	-1	-1	-1	-1	50	0	-1	-1	9	5000	-1		项链
705	六合江湖项链	10249274	1	7	5	11041012	1	11041052	1	-1	-1	-1	-1	50	0	-1	-1	9	5000	-1		项链
706	六合江湖项链	10249275	1	7	5	11041012	1	11041052	1	-1	-1	-1	-1	50	0	-1	-1	9	5000	-1		项链
707	六合江湖项链	10249276	1	7	5	11041012	1	11041052	1	-1	-1	-1	-1	50	0	-1	-1	9	5000	-1		项链
708	六合江湖项链	10249277	1	7	5	11041012	1	11041052	1	-1	-1	-1	-1	50	0	-1	-1	9	5000	-1		项链
709	神龙掌门项链	10249278	1	7	7	11041013	1	11041053	1	-1	-1	-1	-1	70	0	-1	-1	9	5000	-1		项链
710	神龙掌门项链	10249279	1	7	7	11041013	1	11041053	1	-1	-1	-1	-1	70	0	-1	-1	9	5000	-1		项链
711	神龙掌门项链	10249280	1	7	7	11041013	1	11041053	1	-1	-1	-1	-1	70	0	-1	-1	9	5000	-1		项链
712	神龙掌门项链	10249281	1	7	7	11041013	1	11041053	1	-1	-1	-1	-1	70	0	-1	-1	9	5000	-1		项链
713	神龙掌门项链	10249282	1	7	7	11041013	1	11041053	1	-1	-1	-1	-1	70	0	-1	-1	9	5000	-1		项链
714	神龙掌门项链	10249283	1	7	7	11041013	1	11041053	1	-1	-1	-1	-1	70	0	-1	-1	9	5000	-1		项链
715	世传海蓝强化石	11000510	1	6	5	11041030	2	11041040	1	-1	-1	-1	-1	20	0	-1	-1	1	5000	-1		强化道具
716	国传海蓝强化石	11000515	1	6	6	11041031	2	11041041	1	-1	-1	-1	-1	20	0	-1	-1	1	5000	-1		强化道具
717	神传海蓝强化石	11000520	1	6	7	11041032	2	11041042	1	-1	-1	-1	-1	20	0	-1	-1	1	5000	-1		强化道具
718	天传海蓝强化石	11000525	1	6	8	11041033	2	11041043	1	-1	-1	-1	-1	20	0	-1	-1	1	5000	-1		强化道具
719	海蓝强化石	11000545	1	6	9	11041033	5	11020063	5	-1	-1	-1	-1	90	82800000	-1	210	3	5000	-1		大师专属制造
720	血银钻	11000131	1	6	9	11000121	2	11020043	10	-1	-1	-1	-1	90	82800000	-1	210	9	5000	-1		大师专属制造
721	世传晕光强化石	11000512	1	3	5	11041040	2	11041020	1	-1	-1	-1	-1	20	0	-1	-1	1	5000	-1		强化道具
722	世传炫彩强化石	11000513	1	3	5	11041040	2	11041010	1	-1	-1	-1	-1	20	0	-1	-1	1	5000	-1		强化道具
723	国传晕光强化石	11000517	1	3	6	11041041	2	11041021	1	-1	-1	-1	-1	20	0	-1	-1	1	5000	-1		强化道具
724	国传炫彩强化石	11000518	1	3	6	11041041	2	11041011	1	-1	-1	-1	-1	20	0	-1	-1	1	5000	-1		强化道具
725	神传晕光强化石	11000522	1	3	7	11041042	2	11041022	1	-1	-1	-1	-1	20	0	-1	-1	1	5000	-1		强化道具
726	神传炫彩强化石	11000523	1	3	7	11041042	2	11041012	1	-1	-1	-1	-1	20	0	-1	-1	1	5000	-1		强化道具
727	天传晕光强化石	11000527	1	3	8	11041043	2	11041023	1	-1	-1	-1	-1	20	0	-1	-1	1	5000	-1		强化道具
728	天传炫彩强化石	11000528	1	3	8	11041043	2	11041013	1	-1	-1	-1	-1	20	0	-1	-1	1	5000	-1		强化道具
729	晕光强化石	11000547	1	3	9	11041043	5	11020053	5	-1	-1	-1	-1	90	82800000	-1	211	3	5000	-1		大师专属制造
730	炫彩强化石	11000548	1	3	9	11041043	5	11020083	5	-1	-1	-1	-1	90	82800000	-1	211	3	5000	-1		大师专属制造
731	淬银钻	11000130	1	3	9	11000121	2	11020033	10	-1	-1	-1	-1	90	82800000	-1	211	9	5000	-1		大师专属制造
732	世传星光石	11000509	1	7	5	11041030	1	11041050	1	11041040	1	-1	-1	20	0	-1	-1	1	5000	-1		强化道具
733	世传水火强化石	11000511	1	7	5	11041050	2	11041000	1	-1	-1	-1	-1	20	0	-1	-1	1	5000	-1		强化道具
734	国传星光石	11000514	1	7	6	11041031	1	11041051	1	11041041	1	-1	-1	20	0	-1	-1	1	5000	-1		强化道具
735	国传水火强化石	11000516	1	7	6	11041051	2	11041001	1	-1	-1	-1	-1	20	0	-1	-1	1	5000	-1		强化道具
736	神传星光石	11000519	1	7	7	11041032	1	11041052	1	11041042	1	-1	-1	20	0	-1	-1	1	5000	-1		强化道具
737	神传水火强化石	11000521	1	7	7	11041052	2	11041002	1	-1	-1	-1	-1	20	0	-1	-1	1	5000	-1		强化道具
738	天传星光石	11000524	1	7	8	11041033	1	11041053	1	11041043	1	-1	-1	20	0	-1	-1	1	5000	-1		强化道具
739	天传水火强化石	11000526	1	7	8	11041053	2	11041003	1	-1	-1	-1	-1	20	0	-1	-1	1	5000	-1		强化道具
740	冥传星光石	11000529	1	7	9	11041033	2	11041053	2	11041043	2	-1	-1	20	0	-1	-1	1	5000	-1		强化道具
741	水火强化石	11000546	1	7	9	11041053	5	11020073	5	-1	-1	-1	-1	90	82800000	-1	212	3	5000	-1		大师专属制造
742	玄银钻	11000132	1	7	9	11000123	2	11020063	10	-1	-1	-1	-1	90	82800000	-1	212	9	5000	-1		大师专属制造
743	四象江湖之矛	10352025	1	6	2	11041000	1	11041030	1	-1	-1	-1	-1	20	0	-1	-1	9	5000	-1		主武器
744	四象江湖之令	10362025	1	6	2	11041000	1	11041030	1	-1	-1	-1	-1	20	0	-1	-1	9	5000	-1		主武器
745	生命神水	12041099	1	1	10	12010204	1	11990400	1	-1	-1	-1	-1	100	0	-1	-1	3	5000	-1		大师特级制造
746	宗师级红龙晶	14010019	1	2	10	14010018	1	11990400	10	-1	-1	-1	-1	300	0	-1	-1	9	5000	-1		大师特级制造
747	宗师级绿龙晶	14020019	1	2	10	14020018	1	11990400	10	-1	-1	-1	-1	300	0	-1	-1	9	5000	-1		大师特级制造
748	宗师级黄龙晶	14030019	1	2	10	14030018	1	11990400	10	-1	-1	-1	-1	300	0	-1	-1	9	5000	-1		大师特级制造
749	宗师级蓝龙晶	14040019	1	2	10	14040018	1	11990400	10	-1	-1	-1	-1	300	0	-1	-1	9	5000	-1		大师特级制造
750	骑术强化符：二级健体	12041220	1	10	10	12041210	1	11990400	1	-1	-1	-1	-1	300	0	-1	-1	9	5000	-1		大师特级制造
751	骑术强化符：二级蛮力	12041221	1	10	10	12041211	1	11990400	1	-1	-1	-1	-1	300	0	-1	-1	9	5000	-1		大师特级制造
752	骑术强化符：二级聪慧	12041222	1	10	10	12041212	1	11990400	1	-1	-1	-1	-1	300	0	-1	-1	9	5000	-1		大师特级制造
753	骑术强化符：二级追影	12041223	1	10	10	12041213	1	11990400	1	-1	-1	-1	-1	300	0	-1	-1	9	5000	-1		大师特级制造
754	骑术强化符：二级全能	12041224	1	10	10	12041214	1	11990400	1	-1	-1	-1	-1	300	0	-1	-1	9	5000	-1		大师特级制造
755	暴韧神水	12041098	1	6	10	12041092	1	11990400	1	-1	-1	-1	-1	100	0	-1	-1	9	5000	-1		大师特级制造
756	二级碎甲丸	12041116	1	3	10	12041110	1	11990400	1	-1	-1	-1	-1	100	0	-1	-1	9	5000	-1		大师特级制造
757	二级穿甲丸	12041117	1	3	10	12041111	1	11990400	1	-1	-1	-1	-1	100	0	-1	-1	9	5000	-1		大师特级制造
758	二级熔甲丸	12041118	1	3	10	12041112	1	11990400	1	-1	-1	-1	-1	100	0	-1	-1	9	5000	-1		大师特级制造
759	强效乱士符	11970022	1	7	10	11970021	1	11990400	2	-1	-1	-1	-1	100	0	-1	-1	9	5000	-1		大师特级制造
760	鞑靼铜环矛	10350004	1	6	1	11041030	1	-1	-1	-1	-1	-1	-1	10	0	-1	-1	9	5000	-1		主武器
761	鞑靼白刃令	10360004	1	6	1	11041030	1	-1	-1	-1	-1	-1	-1	10	0	-1	-1	9	5000	-1		主武器
762	鞑靼硬木弩	10370004	1	6	1	11041030	1	-1	-1	-1	-1	-1	-1	10	0	-1	-1	9	5000	-1		主武器
763	鞑靼云纹铳	10380004	1	6	1	11041030	1	-1	-1	-1	-1	-1	-1	10	0	-1	-1	9	5000	-1		主武器
764	鞑靼铁头圣十字	10390004	1	6	1	11041030	1	-1	-1	-1	-1	-1	-1	10	0	-1	-1	9	5000	-1		主武器
765	鞑靼精钢幡	10400004	1	6	1	11041030	1	-1	-1	-1	-1	-1	-1	10	0	-1	-1	9	5000	-1		主武器
766	鞑靼铜环重盾	10410004	1	6	1	11041030	1	-1	-1	-1	-1	-1	-1	10	0	-1	-1	9	5000	-1		副武器
767	鞑靼粹炼火	10420004	1	6	1	11041030	1	-1	-1	-1	-1	-1	-1	10	0	-1	-1	9	5000	-1		副武器
768	鞑靼晖利弩箭	10430004	1	6	1	11041030	1	-1	-1	-1	-1	-1	-1	10	0	-1	-1	9	5000	-1		副武器
769	鞑靼急速炮弹	10440004	1	6	1	11041030	1	-1	-1	-1	-1	-1	-1	10	0	-1	-1	9	5000	-1		副武器
770	鞑靼红玉书	10450004	1	6	1	11041030	1	-1	-1	-1	-1	-1	-1	10	0	-1	-1	9	5000	-1		副武器
771	鞑靼狼牙珠	10460004	1	6	1	11041030	1	-1	-1	-1	-1	-1	-1	10	0	-1	-1	9	5000	-1		副武器
772	乃蛮黑铁矛	10350005	1	6	3	11041031	1	-1	-1	-1	-1	-1	-1	30	0	-1	-1	9	5000	-1		主武器
773	乃蛮锐步令	10360005	1	6	3	11041031	1	-1	-1	-1	-1	-1	-1	30	0	-1	-1	9	5000	-1		主武器
774	乃蛮扬手弩	10370005	1	6	3	11041031	1	-1	-1	-1	-1	-1	-1	30	0	-1	-1	9	5000	-1		主武器
775	乃蛮闪击铳	10380005	1	6	3	11041031	1	-1	-1	-1	-1	-1	-1	30	0	-1	-1	9	5000	-1		主武器
776	乃蛮晶玉圣十字	10390005	1	6	3	11041031	1	-1	-1	-1	-1	-1	-1	30	0	-1	-1	9	5000	-1		主武器
777	乃蛮乌金幡	10400005	1	6	3	11041031	1	-1	-1	-1	-1	-1	-1	30	0	-1	-1	9	5000	-1		主武器
778	乃蛮黑铁重盾	10410005	1	6	3	11041031	1	-1	-1	-1	-1	-1	-1	30	0	-1	-1	9	5000	-1		副武器
779	乃蛮昆吾火	10420005	1	6	3	11041031	1	-1	-1	-1	-1	-1	-1	30	0	-1	-1	9	5000	-1		副武器
780	乃蛮舀锐弩箭	10430005	1	6	3	11041031	1	-1	-1	-1	-1	-1	-1	30	0	-1	-1	9	5000	-1		副武器
781	乃蛮螺旋炮弹	10440005	1	6	3	11041031	1	-1	-1	-1	-1	-1	-1	30	0	-1	-1	9	5000	-1		副武器
782	乃蛮如意书	10450005	1	6	3	11041031	1	-1	-1	-1	-1	-1	-1	30	0	-1	-1	9	5000	-1		副武器
783	乃蛮封冰珠	10460005	1	6	3	11041031	1	-1	-1	-1	-1	-1	-1	30	0	-1	-1	9	5000	-1		副武器
784	乌月风动矛	10350006	1	6	4	11041001	1	11041031	1	-1	-1	-1	-1	40	0	-1	-1	9	5000	-1		主武器
785	乌月紫极令	10360006	1	6	4	11041001	1	11041031	1	-1	-1	-1	-1	40	0	-1	-1	9	5000	-1		主武器
786	乌月怒人弩	10370006	1	6	4	11041001	1	11041031	1	-1	-1	-1	-1	40	0	-1	-1	9	5000	-1		主武器
787	乌月轰雷铳	10380006	1	6	4	11041001	1	11041031	1	-1	-1	-1	-1	40	0	-1	-1	9	5000	-1		主武器
788	乌月归天圣十字	10390006	1	6	4	11041001	1	11041031	1	-1	-1	-1	-1	40	0	-1	-1	9	5000	-1		主武器
789	乌月玄铁幡	10400006	1	6	4	11041001	1	11041031	1	-1	-1	-1	-1	40	0	-1	-1	9	5000	-1		主武器
790	乌月风动重盾	10410006	1	6	4	11041041	1	11041031	1	-1	-1	-1	-1	40	0	-1	-1	9	5000	-1		副武器
791	乌月三才火	10420006	1	6	4	11041041	1	11041031	1	-1	-1	-1	-1	40	0	-1	-1	9	5000	-1		副武器
792	乌月灭杀弩箭	10430006	1	6	4	11041041	1	11041031	1	-1	-1	-1	-1	40	0	-1	-1	9	5000	-1		副武器
793	乌月鸣空炮弹	10440006	1	6	4	11041041	1	11041031	1	-1	-1	-1	-1	40	0	-1	-1	9	5000	-1		副武器
794	乌月九宫书	10450006	1	6	4	11041041	1	11041031	1	-1	-1	-1	-1	40	0	-1	-1	9	5000	-1		副武器
795	乌月唤雷珠	10460006	1	6	4	11041041	1	11041031	1	-1	-1	-1	-1	40	0	-1	-1	9	5000	-1		副武器
796	凤翔赤精矛	10350007	1	6	6	11041002	1	11041032	1	-1	-1	-1	-1	60	0	-1	-1	9	5000	-1		主武器
797	凤翔奔日令	10360007	1	6	6	11041002	1	11041032	1	-1	-1	-1	-1	60	0	-1	-1	9	5000	-1		主武器
798	凤翔千疾弩	10370007	1	6	6	11041002	1	11041032	1	-1	-1	-1	-1	60	0	-1	-1	9	5000	-1		主武器
799	凤翔明应铳	10380007	1	6	6	11041002	1	11041032	1	-1	-1	-1	-1	60	0	-1	-1	9	5000	-1		主武器
800	凤翔伏魔圣十字	10390007	1	6	6	11041002	1	11041032	1	-1	-1	-1	-1	60	0	-1	-1	9	5000	-1		主武器
801	凤翔百裂幡	10400007	1	6	6	11041002	1	11041032	1	-1	-1	-1	-1	60	0	-1	-1	9	5000	-1		主武器
802	凤翔赤精重盾	10410007	1	6	6	11041042	1	11041032	1	-1	-1	-1	-1	60	0	-1	-1	9	5000	-1		副武器
803	凤翔定光火	10420007	1	6	6	11041042	1	11041032	1	-1	-1	-1	-1	60	0	-1	-1	9	5000	-1		副武器
804	凤翔鬼泣弩箭	10430007	1	6	6	11041042	1	11041032	1	-1	-1	-1	-1	60	0	-1	-1	9	5000	-1		副武器
805	凤翔流星炮弹	10440007	1	6	6	11041042	1	11041032	1	-1	-1	-1	-1	60	0	-1	-1	9	5000	-1		副武器
806	凤翔七星书	10450007	1	6	6	11041042	1	11041032	1	-1	-1	-1	-1	60	0	-1	-1	9	5000	-1		副武器
807	凤翔龙啸珠	10460007	1	6	6	11041042	1	11041032	1	-1	-1	-1	-1	60	0	-1	-1	9	5000	-1		副武器
808	西辽地龙矛	10350008	1	6	8	11041003	1	11041033	1	-1	-1	-1	-1	80	0	-1	-1	9	5000	-1		主武器
809	西辽粲星令	10360008	1	6	8	11041003	1	11041033	1	-1	-1	-1	-1	80	0	-1	-1	9	5000	-1		主武器
810	西辽风铃弩	10370008	1	6	8	11041003	1	11041033	1	-1	-1	-1	-1	80	0	-1	-1	9	5000	-1		主武器
811	西辽暴焰铳	10380008	1	6	8	11041003	1	11041033	1	-1	-1	-1	-1	80	0	-1	-1	9	5000	-1		主武器
812	西辽摩天圣十字	10390008	1	6	8	11041003	1	11041033	1	-1	-1	-1	-1	80	0	-1	-1	9	5000	-1		主武器
813	西辽五行幡	10400008	1	6	8	11041003	1	11041033	1	-1	-1	-1	-1	80	0	-1	-1	9	5000	-1		主武器
814	西辽地龙重盾	10410008	1	6	8	11041043	1	11041033	1	-1	-1	-1	-1	80	0	-1	-1	9	5000	-1		副武器
815	西辽飞仙火	10420008	1	6	8	11041043	1	11041033	1	-1	-1	-1	-1	80	0	-1	-1	9	5000	-1		副武器
816	西辽鸣杀弩箭	10430008	1	6	8	11041043	1	11041033	1	-1	-1	-1	-1	80	0	-1	-1	9	5000	-1		副武器
817	西辽崩烈炮弹	10440008	1	6	8	11041043	1	11041033	1	-1	-1	-1	-1	80	0	-1	-1	9	5000	-1		副武器
818	西辽地灵书	10450008	1	6	8	11041043	1	11041033	1	-1	-1	-1	-1	80	0	-1	-1	9	5000	-1		副武器
819	西辽碎魂珠	10460008	1	6	8	11041043	1	11041033	1	-1	-1	-1	-1	80	0	-1	-1	9	5000	-1		副武器
820	突厥江E矛	10350009	1	6	9	11041003	1	11041033	1	-1	-1	-1	-1	90	0	-1	-1	9	5000	-1		主武器
821	突厥蛟牙令	10360009	1	6	9	11041003	1	11041033	1	-1	-1	-1	-1	90	0	-1	-1	9	5000	-1		主武器
822	突厥燃眉弩	10370009	1	6	9	11041003	1	11041033	1	-1	-1	-1	-1	90	0	-1	-1	9	5000	-1		主武器
823	突厥射天铳	10380009	1	6	9	11041003	1	11041033	1	-1	-1	-1	-1	90	0	-1	-1	9	5000	-1		主武器
824	突厥缘魂圣十字	10390009	1	6	9	11041003	1	11041033	1	-1	-1	-1	-1	90	0	-1	-1	9	5000	-1		主武器
825	突厥避邪幡	10400009	1	6	9	11041003	1	11041033	1	-1	-1	-1	-1	90	0	-1	-1	9	5000	-1		主武器
826	突厥江E重盾	10410009	1	6	9	11041043	1	11041033	1	-1	-1	-1	-1	90	0	-1	-1	9	5000	-1		副武器
827	突厥雨露火	10420009	1	6	9	11041043	1	11041033	1	-1	-1	-1	-1	90	0	-1	-1	9	5000	-1		副武器
828	突厥无影弩箭	10430009	1	6	9	11041043	1	11041033	1	-1	-1	-1	-1	90	0	-1	-1	9	5000	-1		副武器
829	突厥破军炮弹	10440009	1	6	9	11041043	1	11041033	1	-1	-1	-1	-1	90	0	-1	-1	9	5000	-1		副武器
830	突厥天灵书	10450009	1	6	9	11041043	1	11041033	1	-1	-1	-1	-1	90	0	-1	-1	9	5000	-1		副武器
831	突厥烈狱珠	10460009	1	6	9	11041043	1	11041033	1	-1	-1	-1	-1	90	0	-1	-1	9	5000	-1		副武器
832	帮贡符	11990120	1	10	4	11990118	3	-1	-1	-1	-1	-1	-1	40	0	-1	-1	3	5000	-1		特殊道具
833	荣誉符	11990121	1	10	5	11990119	1	-1	-1	-1	-1	-1	-1	50	0	-1	-1	3	5000	-1		特殊道具
834	战龙碎刃	11033000	1	6	9	11041033	1	11041023	1	-1	-1	-1	-1	90	0	-1	-1	9	5000	-1		特殊道具
835	战龙甲片	11033001	1	3	9	11041043	1	11041013	1	-1	-1	-1	-1	90	0	-1	-1	9	5000	-1		特殊道具
836	战龙彩饰	11033002	1	7	9	11041053	1	11041003	1	-1	-1	-1	-1	90	0	-1	-1	9	5000	-1		特殊道具
837	金丝线（3个）	11010120	3	10	10	11020053	3	11990400	3	-1	-1	-1	-1	120	0	-1	-1	9	5000	-1		大师特级制造
838	无暇星辰	11000551	1	7	10	11000550	1	11990400	2	-1	-1	-1	-1	100	0	-1	-1	9	5000	-1		大师特级制造
839	五级融雪丹	12050094	1	10	10	12050093	1	11990400	1	-1	-1	-1	-1	100	0	-1	-1	9	5000	-1		大师特级制造
840	灵魂印	11000300	1	6	9	11000302	1	11030640	1	-1	-1	-1	-1	90	82800000	-1	210	9	5000	-1		大师专属制造
841	命中平衡神水	12041085	1	1	9	11041013	1	11990400	1	-1	-1	-1	-1	90	0	-1	-1	3	5000	-1		大师特级制造
842	闪避平衡神水	12041086	1	1	9	11041013	1	11990400	1	-1	-1	-1	-1	90	0	-1	-1	3	5000	-1		大师特级制造
843	暴击平衡神水	12041087	1	1	9	11041013	1	11990400	1	-1	-1	-1	-1	90	0	-1	-1	3	5000	-1		大师特级制造
844	韧性平衡神水	12041088	1	1	9	11041013	1	11990400	1	-1	-1	-1	-1	90	0	-1	-1	3	5000	-1		大师特级制造
845	混沌不灭丸（5个）	12041044	5	1	10	11020073	25	11020083	25	12041043	5	-1	-1	300	82800000	-1	213	9	5000	-1		增强药水
