INT	STRING	INT	INT	INT	INT	INT	INT	INT	INT	STRING	STRING	STRING	STRING	STRING	STRING	INT	STRING	INT	INT	STRING	INT	INT	STRING	INT	INT	STRING	INT	INT	STRING	INT	INT	INT	STRING	STRING	STRING	STRING	STRING	STRING	STRING	STRING	STRING	STRING	INT	INT	STRING
index	name	scriptid（填了脚本号后边ruler最好不要填2）	opt_type（为1的时候time_type也为1，表示每天都触发；为0的时候，time_type为2，表示限定某一天触发）	time_type	Report_start	Report_over	time_start	time_over	reserve1是否随机	reserve1	reserve2	reserve3	reserve4	reserve5	广播类型	慢报间隔	慢报内容	慢报结束时间点	快报间隔	快报内容	快报结束时间点	刚开报间隔	刚开报内容	刚开报结束时间点	进行中报间隔	进行中报内容	进行中报结束时间点	快结束报间隔	快结束报内容	快结束报结束时间点	ruler（0表示读取后边Map0――Map9列和广播的场景列表列，可多场景响应；-1表示只读取SceneId列，只一个场景响应；-2表示所有场景都响应，一般用于纯广播，和脚本无关时使用）	SceneId	Map_0	Map_1	Map_2	Map_3	Map_4	Map_5	Map_6	Map_7	Map_8	Map_9	ModuleToggle	播放类型 (0:普通场景 1：战场 2:普通场景和战场)	广播的场景列表，支持解析|，最大支持36个场景，默认为空
0	轮回台副本	-1	1	1	1120	1330	-1	-1	0	0	-1	-1	-1	-1	4|1	601	轮回台遗迹内传来阵阵的轰鸣。满30级的玩家可组队前往!	1130	1800	随着轮回台遗迹内传来阵阵的轰鸣，王国的记忆之门竟有崩溃的迹象！各位勇士速去轮回台内一探究竟。	1400	-1		-1	-1		-1	-1		-1	-2	99	0|-1	0|-1	0|-1	0|-1	0|-1	0|-1	0|-1	0|-1	0|-1	0|-1	1	0	
1	轮回台副本	-1	1	1	2020	2230	-1	-1	0	0	-1	-1	-1	-1	4|1	601	轮回台遗迹内传来阵阵的轰鸣。满30级的玩家可组队前往!	2030	1800	随着轮回台遗迹内传来阵阵的轰鸣，王国的记忆之门竟有崩溃的迹象！各位勇士速去轮回台内一探究竟。	2359	-1		-1	-1		-1	-1		-1	-2	99	0|-1	0|-1	0|-1	0|-1	0|-1	0|-1	0|-1	0|-1	0|-1	0|-1	1	0	
2	轮回台副本	-1	1	1	1130	1131	-1	-1	0	0	-1	-1	-1	-1	5	61	轮回台遗迹的入口打开了！	1131	-1		-1	-1		-1	-1		-1	-1		-1	-2	99	0|-1	0|-1	0|-1	0|-1	0|-1	0|-1	0|-1	0|-1	0|-1	0|-1	1	0	
3	轮回台副本	-1	1	1	2030	2031	-1	-1	0	0	-1	-1	-1	-1	5	61	轮回台遗迹的入口打开了！	2031	-1		-1	-1		-1	-1		-1	-1		-1	-2	99	0|-1	0|-1	0|-1	0|-1	0|-1	0|-1	0|-1	0|-1	0|-1	0|-1	1	0	
4	圣山地宫预报	310030	1	1	150	204	200	201	0	0	-1	-1	-1	-1	4|1	120	圣山地宫在02：00开放，请各位勇士速速前往！	159	60	圣山地宫已经开放，请各位勇士速速前往！	201	-1		-1	-1		-1	-1		-1	0	99	0|-1	0|-1	0|-1	0|-1	0|-1	0|-1	0|-1	0|-1	0|-1	0|-1	1	0	83|84|85|96|97|183|184|185|196|197|283|284|285|296|297|383|384|385|396|397|79|179|279|379|95|195|295|395|112|113|212|213|312|313|412|413
5	圣山地宫结束	310032	1	1	220	229	225	226	0	0	-1	-1	-1	-1	4|1	61	圣山地宫关闭了，感谢各位勇士的努力！	221	-1		-1	-1		-1	-1		-1	-1		-1	0	0	0|-1	0|-1	0|-1	0|-1	0|-1	0|-1	0|-1	0|-1	0|-1	0|-1	1	0	50|150|250|350
6	圣山地宫预报	310030	1	1	550	604	600	601	0	0	-1	-1	-1	-1	4|1	120	圣山地宫将在06：00开放，请各位勇士速速前往！	559	60	圣山地宫已经开放，请各位勇士速速前往！	601	-1		-1	-1		-1	-1		-1	0	99	0|-1	0|-1	0|-1	0|-1	0|-1	0|-1	0|-1	0|-1	0|-1	0|-1	1	0	83|84|85|96|97|183|184|185|196|197|283|284|285|296|297|383|384|385|396|397|79|179|279|379|95|195|295|395|112|113|212|213|312|313|412|413
7	圣山地宫结束	310032	1	1	620	629	625	626	0	0	-1	-1	-1	-1	4|1	61	圣山地宫关闭了，感谢各位勇士的努力！	621	-1		-1	-1		-1	-1		-1	-1		-1	0	0	0|-1	0|-1	0|-1	0|-1	0|-1	0|-1	0|-1	0|-1	0|-1	0|-1	1	0	50|150|250|350
8	圣山地宫预报	310030	1	1	950	1004	1000	1001	0	0	-1	-1	-1	-1	4|1	120	圣山地宫将在10：00开放，请各位勇士速速前往！	959	60	圣山地宫已经开放，请各位勇士速速前往！	1001	-1		-1	-1		-1	-1		-1	0	99	0|-1	0|-1	0|-1	0|-1	0|-1	0|-1	0|-1	0|-1	0|-1	0|-1	1	0	83|84|85|96|97|183|184|185|196|197|283|284|285|296|297|383|384|385|396|397|79|179|279|379|95|195|295|395|112|113|212|213|312|313|412|413
9	圣山地宫结束	310032	1	1	1020	1029	1025	1026	0	0	-1	-1	-1	-1	4|1	61	圣山地宫关闭了，感谢各位勇士的努力！	1021	-1		-1	-1		-1	-1		-1	-1		-1	0	0	0|-1	0|-1	0|-1	0|-1	0|-1	0|-1	0|-1	0|-1	0|-1	0|-1	1	0	50|150|250|350
10	圣山地宫预报	310030	1	1	1350	1404	1400	1401	0	0	-1	-1	-1	-1	4|1	120	圣山地宫将在14：00开放，请各位勇士速速前往！	1359	60	圣山地宫已经开放，请各位勇士速速前往！	1401	-1		-1	-1		-1	-1		-1	0	99	0|-1	0|-1	0|-1	0|-1	0|-1	0|-1	0|-1	0|-1	0|-1	0|-1	1	0	83|84|85|96|97|183|184|185|196|197|283|284|285|296|297|383|384|385|396|397|79|179|279|379|95|195|295|395|112|113|212|213|312|313|412|413
11	圣山地宫结束	310032	1	1	1420	1429	1425	1426	0	0	-1	-1	-1	-1	4|1	61	圣山地宫关闭了，感谢各位勇士的努力！	1421	-1		-1	-1		-1	-1		-1	-1		-1	0	0	0|-1	0|-1	0|-1	0|-1	0|-1	0|-1	0|-1	0|-1	0|-1	0|-1	1	0	50|150|250|350
12	圣山地宫预报	310030	1	1	1750	1804	1800	1801	0	0	-1	-1	-1	-1	4|1	120	圣山地宫将在18：00开放，请各位勇士速速前往！	1759	60	圣山地宫已经开放，请各位勇士速速前往！	1801	-1		-1	-1		-1	-1		-1	0	99	0|-1	0|-1	0|-1	0|-1	0|-1	0|-1	0|-1	0|-1	0|-1	0|-1	1	0	83|84|85|96|97|183|184|185|196|197|283|284|285|296|297|383|384|385|396|397|79|179|279|379|95|195|295|395|112|113|212|213|312|313|412|413
13	圣山地宫结束	310032	1	1	1820	1829	1825	1826	0	0	-1	-1	-1	-1	4|1	61	圣山地宫关闭了，感谢各位勇士的努力！	1821	-1		-1	-1		-1	-1		-1	-1		-1	0	0	0|-1	0|-1	0|-1	0|-1	0|-1	0|-1	0|-1	0|-1	0|-1	0|-1	1	0	50|150|250|350
14	圣山地宫预报	310030	1	1	2150	2204	2200	2201	0	0	-1	-1	-1	-1	4|1	120	圣山地宫将在22：00开放，请各位勇士速速前往！	2159	60	圣山地宫已经开放，请各位勇士速速前往！	2201	-1		-1	-1		-1	-1		-1	0	99	0|-1	0|-1	0|-1	0|-1	0|-1	0|-1	0|-1	0|-1	0|-1	0|-1	1	0	83|84|85|96|97|183|184|185|196|197|283|284|285|296|297|383|384|385|396|397|79|179|279|379|95|195|295|395|112|113|212|213|312|313|412|413
15	圣山地宫结束	310032	1	1	2220	2229	2225	2226	0	0	-1	-1	-1	-1	4|1	61	圣山地宫关闭了，感谢各位勇士的努力！	2221	-1		-1	-1		-1	-1		-1	-1		-1	-1	0	0|-1	0|-1	0|-1	0|-1	0|-1	0|-1	0|-1	0|-1	0|-1	0|-1	1	0	
16	圣山地宫预报	-1	1	1	155	156	-1	-1	0	0	-1	-1	-1	-1	4|1	61	圣山地宫将在02：00开放，请各位勇士速速前往！	156	-1		-1	-1		-1	-1		-1	-1		-1	-2	99	0|-1	0|-1	0|-1	0|-1	0|-1	0|-1	0|-1	0|-1	0|-1	0|-1	1	0	
17	圣山地宫预报	-1	1	1	555	556	-1	-1	0	0	-1	-1	-1	-1	4|1	61	圣山地宫将在06：00开放，请各位勇士速速前往！	556	-1		-1	-1		-1	-1		-1	-1		-1	-2	99	0|-1	0|-1	0|-1	0|-1	0|-1	0|-1	0|-1	0|-1	0|-1	0|-1	1	0	
18	圣山地宫预报	-1	1	1	955	956	-1	-1	0	0	-1	-1	-1	-1	4|1	61	圣山地宫将在10：00开放，请各位勇士速速前往！	956	-1		-1	-1		-1	-1		-1	-1		-1	-2	99	0|-1	0|-1	0|-1	0|-1	0|-1	0|-1	0|-1	0|-1	0|-1	0|-1	1	0	
19	圣山地宫预报	-1	1	1	1355	1356	-1	-1	0	0	-1	-1	-1	-1	4|1	61	圣山地宫将在14：00开放，请各位勇士速速前往！	1356	-1		-1	-1		-1	-1		-1	-1		-1	-2	99	0|-1	0|-1	0|-1	0|-1	0|-1	0|-1	0|-1	0|-1	0|-1	0|-1	1	0	
20	圣山地宫预报	-1	1	1	1755	1756	-1	-1	0	0	-1	-1	-1	-1	4|1	61	圣山地宫将在18：00开放，请各位勇士速速前往！	1756	-1		-1	-1		-1	-1		-1	-1		-1	-2	99	0|-1	0|-1	0|-1	0|-1	0|-1	0|-1	0|-1	0|-1	0|-1	0|-1	1	0	
21	圣山地宫预报	-1	1	1	2155	2156	-1	-1	0	0	-1	-1	-1	-1	4|1	61	圣山地宫将在22：00开放，请各位勇士速速前往！	2156	-1		-1	-1		-1	-1		-1	-1		-1	-2	99	0|-1	0|-1	0|-1	0|-1	0|-1	0|-1	0|-1	0|-1	0|-1	0|-1	1	0	
22	粮仓随机BOSS	305030	1	1	0	1	0	1	0	0	-1	-1	-1	-1	4|1	-1		-1	-1		-1	-1		-1	-1		-1	-1		-1	0	99	87|4	187|3	287|2	387|1	0|-1	0|-1	0|-1	0|-1	0|-1	0|-1	0	0	
23	婆罗洲随机BOSS	305012	1	1	400	401	400	401	0	0	-1	-1	-1	-1	4|1	-1		-1	-1		-1	-1		-1	-1		-1	-1		-1	-1	33	0|-1	0|-1	0|-1	0|-1	0|-1	0|-1	0|-1	0|-1	0|-1	0|-1	0	0	
24	婆罗洲随机BOSS	305012	1	1	800	801	800	801	0	0	-1	-1	-1	-1	4|1	-1		-1	-1		-1	-1		-1	-1		-1	-1		-1	-1	33	0|-1	0|-1	0|-1	0|-1	0|-1	0|-1	0|-1	0|-1	0|-1	0|-1	0	0	
25	婆罗洲随机BOSS	305012	1	1	1200	1201	1200	1201	0	0	-1	-1	-1	-1	4|1	-1		-1	-1		-1	-1		-1	-1		-1	-1		-1	-1	33	0|-1	0|-1	0|-1	0|-1	0|-1	0|-1	0|-1	0|-1	0|-1	0|-1	0	0	
26	婆罗洲随机BOSS	305012	1	1	1600	1601	1600	1601	0	0	-1	-1	-1	-1	4|1	-1		-1	-1		-1	-1		-1	-1		-1	-1		-1	-1	33	0|-1	0|-1	0|-1	0|-1	0|-1	0|-1	0|-1	0|-1	0|-1	0|-1	0	0	
27	婆罗洲随机BOSS	305012	1	1	2000	2001	2000	2001	0	0	-1	-1	-1	-1	4|1	-1		-1	-1		-1	-1		-1	-1		-1	-1		-1	-1	33	0|-1	0|-1	0|-1	0|-1	0|-1	0|-1	0|-1	0|-1	0|-1	0|-1	0	0	
28	大都嘉年华会公告	-1	1	1	1920	0	1920	0	0	0	-1	-1	-1	-1	4|1	541	大都嘉年华会即将在19：30开始，40级以上的玩家可以前往大都参加铁人三项，大都灯谜会，益者三友活动。	1929	60	大都嘉年华会即将在19：30开始，40级以上的玩家可以前往大都参加铁人三项，大都灯谜会，益者三友活动。	1931	-1		-1	-1		-1	-1		-1	-2	99	0|-1	0|-1	0|-1	0|-1	0|-1	0|-1	0|-1	0|-1	0|-1	0|-1	1	0	
29	大都嘉年华会公告	-1	1	1	1930	1931	-1	-1	0	0	-1	-1	-1	-1	5	61	大都嘉年华会开始了	1931	-1		-1	-1		-1	-1		-1	-1		-1	-2	99	0|-1	0|-1	0|-1	0|-1	0|-1	0|-1	0|-1	0|-1	0|-1	0|-1	1	0	
30	大都嘉年华会结束公告	-1	1	1	0	1	0	1	0	0	-1	-1	-1	-1	4|1	61	大都嘉年华会结束了，祝大家午夜愉快。	1	-1		-1	-1		-1	-1		-1	-1		-1	-2	99	0|-1	0|-1	0|-1	0|-1	0|-1	0|-1	0|-1	0|-1	0|-1	0|-1	1	0	
31	舞厅关闭公告	300160	1	1	859	859	859	900	0	0	-1	-1	-1	-1	4|1	-1		-1	-1		-1	-1		-1	-1		-1	-1		-1	0	99	14|1	0|-1	0|-1	0|-1	0|-1	0|-1	0|-1	0|-1	0|-1	0|-1	1	0	
32	舞厅关闭公告	300160	1	1	459	459	459	500	0	0	-1	-1	-1	-1	4|1	-1		-1	-1		-1	-1		-1	-1		-1	-1		-1	0	99	14|1	0|-1	0|-1	0|-1	0|-1	0|-1	0|-1	0|-1	0|-1	0|-1	0	0	
33	智力竞赛	-1	1	1	1920	1921	-1	-1	0	0	1	-1	-1	-1	5	61	智力竞赛开始了！	1921	-1		-1	-1		-1	-1		-1	-1		-1	-2	99	0|-1	0|-1	0|-1	0|-1	0|-1	0|-1	0|-1	0|-1	0|-1	0|-1	1	0	
34	智力竞赛	300150	1	1	1910	1931	1920	1930	0	0	1	-1	-1	-1	4|1	61	智力竞赛将于19:20开始，请大家踊跃报名参加！	1920	-1		-1	-1		-1	-1		-1	-1		-1	-2	99	0|-1	0|-1	0|-1	0|-1	0|-1	0|-1	0|-1	0|-1	0|-1	0|-1	1	0	
35	帮会战	-1	0	2	21700	21830	21700	21830	0	0	-1	-1	-1	-1	4|1	600	帮会战场热报中，请各位帮主到帮会管理员处报名。	21830	-1		-1	-1		-1	-1		-1	-1		-1	-2	99	0|-1	0|-1	0|-1	0|-1	0|-1	0|-1	0|-1	0|-1	0|-1	0|-1	1	0	
36	帮会战	-1	0	2	51700	51830	51700	51830	0	0	-1	-1	-1	-1	4|1	600	帮会战场热报中，请各位帮主到帮会管理员处报名。	51830	-1		-1	-1		-1	-1		-1	-1		-1	-2	99	0|-1	0|-1	0|-1	0|-1	0|-1	0|-1	0|-1	0|-1	0|-1	0|-1	1	0	
37	十八魔君	310000	1	1	2300	0	2300	0	0	0	-1	-1	-1	-1	4|1	61	曾经被成吉思汗征服的十八个统治者一直心有不甘，百年之后依然阴魂不散，不时地勾结在一起入侵，这次他们的身影又出现了！	2301	-1		-1	-1		-1	-1		-1	-1		-1	-2	99	0|-1	0|-1	0|-1	0|-1	0|-1	0|-1	0|-1	0|-1	0|-1	0|-1	1	0	
38	十八魔君	-1	1	1	2300	2301	-1	-1	0	0	-1	-1	-1	-1	5	61	十八魔君出现了	2301	-1		-1	-1		-1	-1		-1	-1		-1	-2	99	0|-1	0|-1	0|-1	0|-1	0|-1	0|-1	0|-1	0|-1	0|-1	0|-1	1	0	
39	十八魔君消失	-1	1	1	0	1	0	1	0	0	-1	-1	-1	-1	4|1	61	在各路英雄的冲击下，魔军大败而去，只留下魔王那句充满怨恨的诅咒：除非成吉思汗的子孙从大地上消失，否则我们是不会安息的！	1	-1		-1	-1		-1	-1		-1	-1		-1	-2	99	0|-1	0|-1	0|-1	0|-1	0|-1	0|-1	0|-1	0|-1	0|-1	0|-1	1	0	
40	益者三友	300570	1	1	1930	2359	1930	1931	0	0	-1	-1	-1	-1	4|1	-1		-1	-1		-1	-1		-1	-1		-1	-1		-1	0	99	38|1	0|-1	0|-1	0|-1	0|-1	0|-1	0|-1	0|-1	0|-1	0|-1	1	0	
41	益者三友删除	300571	1	1	2359	101	0	1	0	0	-1	-1	-1	-1	4|1	-1		-1	-1		-1	-1		-1	-1		-1	-1		-1	0	99	38|1	0|-1	0|-1	0|-1	0|-1	0|-1	0|-1	0|-1	0|-1	0|-1	1	0	
42	屠城战	310157	0	2	61929	61930	61929	61930	0	0	-1	-1	-1	-1	4|1	-1		-1	-1		-1	-1		-1	-1		-1	-1		-1	0	99	0|-1	0|-1	0|-1	0|-1	0|-1	0|-1	0|-1	0|-1	0|-1	0|-1	1	0	50
43	屠城战	310157	0	2	61954	61955	61954	61955	0	0	-1	-1	-1	-1	4|1	-1		-1	-1		-1	-1		-1	-1		-1	-1		-1	0	99	0|-1	0|-1	0|-1	0|-1	0|-1	0|-1	0|-1	0|-1	0|-1	0|-1	1	0	50
44	屠城战	310157	0	2	62001	62002	62001	62002	0	0	-1	-1	-1	-1	4|1	-1		-1	-1		-1	-1		-1	-1		-1	-1		-1	0	99	0|-1	0|-1	0|-1	0|-1	0|-1	0|-1	0|-1	0|-1	0|-1	0|-1	1	0	50
45	屠城战	310157	0	2	62014	62015	62014	62015	0	0	-1	-1	-1	-1	4|1	-1		-1	-1		-1	-1		-1	-1		-1	-1		-1	0	99	0|-1	0|-1	0|-1	0|-1	0|-1	0|-1	0|-1	0|-1	0|-1	0|-1	1	0	50
46	屠城战	310157	0	2	62100	62101	62100	62101	0	0	-1	-1	-1	-1	4|1	-1		-1	-1		-1	-1		-1	-1		-1	-1		-1	0	99	0|-1	0|-1	0|-1	0|-1	0|-1	0|-1	0|-1	0|-1	0|-1	0|-1	1	0	50
47	天坛灯谜会	-1	1	1	1930	2359	1930	2359	0	0	-1	-1	-1	-1	4|1	-1		-1	-1		-1	-1		-1	-1		-1	-1		-1	0	99	0|1	0|-1	0|-1	0|-1	0|-1	0|-1	0|-1	0|-1	0|-1	0|-1	1	0	
48	双人战场公告	-1	0	2	1355	1400	-1	-1	0	0	-1	-1	-1	-1	5	61	双人战场开始！	71356	-1		-1	-1		-1	-1		-1	-1		-1	-2	99	0|-1	0|-1	0|-1	0|-1	0|-1	0|-1	0|-1	0|-1	0|-1	0|-1	1	0	
49	双人战场公告	-1	0	2	11955	12000	-1	-1	0	0	-1	-1	-1	-1	5	61	双人战场开始！	11956	-1		-1	-1		-1	-1		-1	-1		-1	-2	99	0|-1	0|-1	0|-1	0|-1	0|-1	0|-1	0|-1	0|-1	0|-1	0|-1	1	0	
50	双人战场公告	-1	0	2	41955	42000	-1	-1	0	0	-1	-1	-1	-1	5	61	双人战场开始！	41956	-1		-1	-1		-1	-1		-1	-1		-1	-2	99	0|-1	0|-1	0|-1	0|-1	0|-1	0|-1	0|-1	0|-1	0|-1	0|-1	1	0	
51	六人战场公告	-1	0	2	31930	31931	-1	-1	0	0	-1	-1	-1	-1	5	61	六人战场报名开始了！	31931	-1		-1	-1		-1	-1		-1	-1		-1	-2	99	0|-1	0|-1	0|-1	0|-1	0|-1	0|-1	0|-1	0|-1	0|-1	0|-1	1	0	
52	六人战场公告	-1	0	2	61330	61359	-1	-1	0	0	-1	-1	-1	-1	5	61	六人战场报名开始了！	61400	-1		-1	-1		-1	-1		-1	-1		-1	-2	99	0|-1	0|-1	0|-1	0|-1	0|-1	0|-1	0|-1	0|-1	0|-1	0|-1	1	0	
53	铁人三项箱子触发	305060	1	1	1220	1310	1930	1931	0	0	-1	-1	-1	-1	4|1	-1		-1	-1		-1	-1		-1	-1		-1	-1		-1	0	99	37|1	0|-1	0|-1	0|-1	0|-1	0|-1	0|-1	0|-1	0|-1	0|-1	1	0	
54	铁人三项箱子触发	305061	1	1	1920	2010	2359	0	0	0	-1	-1	-1	-1	4|1	-1		-1	-1		-1	-1		-1	-1		-1	-1		-1	0	99	37|1	0|-1	0|-1	0|-1	0|-1	0|-1	0|-1	0|-1	0|-1	0|-1	1	0	
55	乌龙辞典开始触发	310185	0	2	1225	1230	1225	1230	0	0	-1	-1	-1	-1	4|1	180	#Y乌龙辞典王国海选赛#G于下午1：00准时开始！在下午2：00之前，20级以上的各位玩家可以在自己王国的#Y东大街，西大街，记忆之门外#G任意一处找到乌龙辞典海选主持人参加比赛。	71400	-1		-1	-1		-1	-1		-1	-1		-1	0	99	0|1	50|1	150|1	250|1	350|1	0|-1	0|-1	0|-1	0|-1	0|-1	1	0	
56	乌龙辞典第一轮公告	-1	0	2	1300	1301	1300	1301	0	0	-1	-1	-1	-1	5	120	乌龙辞典王国海选赛开始了！	71301	-1		-1	-1		-1	-1		-1	-1		-1	0	99	0|1	50|1	150|1	250|1	350|1	0|-1	0|-1	0|-1	0|-1	0|-1	1	0	
57	乌龙辞典第二轮公告	-1	0	2	1400	1401	1400	1401	0	0	-1	-1	-1	-1	5	120	乌龙辞典大都淘汰赛开始了！	71401	-1		-1	-1		-1	-1		-1	-1		-1	0	99	0|1	50|1	150|1	250|1	350|1	0|-1	0|-1	0|-1	0|-1	0|-1	1	0	
58	乌龙辞典第三轮公告	-1	0	2	1630	1631	1630	1631	0	0	-1	-1	-1	-1	5	120	乌龙辞典终极挑战赛正式开始！	1601	-1		-1	-1		-1	-1		-1	-1		-1	0	99	0|1	50|1	150|1	250|1	350|1	0|-1	0|-1	0|-1	0|-1	0|-1	1	0	
59	乌龙辞典结束触发	310187	0	2	1601	1602	1601	1602	0	0	-1	-1	-1	-1	4|1	-1		-1	-1		-1	-1		-1	-1		-1	-1		-1	0	99	0|1	50|1	150|1	250|1	350|1	0|-1	0|-1	0|-1	0|-1	0|-1	1	0	
60	乌龙辞典结束触发	310186	0	2	1705	1706	1705	1706	0	0	-1	-1	-1	-1	4|1	-1		-1	-1		-1	-1		-1	-1		-1	-1		-1	0	99	0|1	50|1	150|1	250|1	350|1	0|-1	0|-1	0|-1	0|-1	0|-1	1	0	
61	乌龙辞典结束	-1	0	2	1705	1706	1705	1706	0	0	-1	-1	-1	-1	4|1	61	本周的乌龙辞典活动到此结束，祝各位玩家周末愉快。	1706	-1		-1	-1		-1	-1		-1	-1		-1	-2	99	0|-1	0|-1	0|-1	0|-1	0|-1	0|-1	0|-1	0|-1	0|-1	0|-1	1	0	
62	世界杯	-1	0	2	41700	41802	41700	41802	0	0	-1	-1	-1	-1	4|1|5	900	世界杯战场将于17：30开启，请参赛帮会做好准备！	41710	900	世界杯战场将在5分钟后开始！	41727	180	世界杯战场火热进行中！	41732	1380	世界杯战场结束还有5分钟！	41759	41800	世界杯战场已经结束！	41803	-2	99	0|-1	0|-1	0|-1	0|-1	0|-1	0|-1	0|-1	0|-1	0|-1	0|-1	0	0
63	世界杯	-1	0	2	51700	51802	51700	51802	0	0	-1	-1	-1	-1	4|1|5	900	世界杯战场将于17：30开启，请参赛帮会做好准备！	51710	900	世界杯战场将在5分钟后开始！	51727	180	世界杯战场火热进行中！	51732	1380	世界杯战场结束还有5分钟！	51759	41800	世界杯战场已经结束！	51803	-2	99	0|-1	0|-1	0|-1	0|-1	0|-1	0|-1	0|-1	0|-1	0|-1	0|-1	0	0
64	莫斯科BOSS	305012	0	2	2100	2101	2100	2101	0	0	-1	-1	-1	-1	4|1	-1		-1	-1		-1	-1		-1	-1		-1	-1		-1	-1	17	0|-1	0|-1	0|-1	0|-1	0|-1	0|-1	0|-1	0|-1	0|-1	0|-1	1	0
65	世界杯	300837	0	2	1529	1529	1529	1530	0	0	-1	-1	-1	-1	4|1	-1		-1	-1		-1	-1		-1	-1		-1	-1		-1	0	99	14|1	0|-1	0|-1	0|-1	0|-1	0|-1	0|-1	0|-1	0|-1	0|-1	1	0
66	天降宝箱	310014	1	1	1220	1310	1230	1231	0	0	-1	-1	-1	-1	4|1	481	天降宝箱将于12：30开始，请20级以上玩家届时到王国宝箱活动使处接取任务	1228	120	天降宝箱开始了，请20级以上的玩家到王国宝箱活动使处接取任务	1231	-1		-1	-1		-1	-1		-1	0	99	50|1	150|1	250|1	350|1	87|1	187|1	287|1	387|1	0|-1	0|-1	1	0
67	天降宝箱	310014	1	1	1920	2010	1930	1931	0	0	-1	-1	-1	-1	4|1	481	天降宝箱将于19：30开始，请20级以上玩家届时到王国宝箱活动使处接取任务	1928	120	天降宝箱开始了，请20级以上的玩家到王国宝箱活动使处接取任务	1931	-1		-1	-1		-1	-1		-1	0	99	50|1	150|1	250|1	350|1	87|1	187|1	287|1	387|1	0|-1	0|-1	1	0
68	天降宝箱	-1	1	1	1230	1231	-1	-1	0	0	-1	-1	-1	-1	5	61	天降宝箱活动开始了	1231	-1		-1	-1		-1	-1		-1	-1		-1	0	99	50|1	150|1	250|1	350|1	87|1	187|1	287|1	387|1	0|-1	0|-1	1	0
69	天降宝箱	-1	1	1	1930	1931	-1	-1	0	0	-1	-1	-1	-1	5	61	天降宝箱活动开始了	1931	-1		-1	-1		-1	-1		-1	-1		-1	0	99	50|1	150|1	250|1	350|1	87|1	187|1	287|1	387|1	0|-1	0|-1	1	0
70	天降宝箱删除	310015	1	1	1300	1301	1300	1301	0	0	-1	-1	-1	-1	4|1	61	天降宝箱结束了，感谢大家的参加	1301	-1		-1	-1		-1	-1		-1	-1		-1	0	99	50|1	150|1	250|1	350|1	87|1	187|1	287|1	387|1	0|-1	0|-1	1	0
71	天降宝箱删除	310015	1	1	2000	2001	2000	2001	0	0	-1	-1	-1	-1	4|1	61	天降宝箱结束了，感谢大家的参加	2001	-1		-1	-1		-1	-1		-1	-1		-1	0	99	50|1	150|1	250|1	350|1	87|1	187|1	287|1	387|1	0|-1	0|-1	1	0
72	天降宝箱	310014	1	1	1220	1310	1230	1231	0	0	-1	-1	-1	-1	4|1	-1		-1	-1		-1	-1		-1	-1		-1	-1		-1	0	99	58|1	158|1	258|1	358|1	89|1	189|1	289|1	389|1	0|-1	0|-1	1	0
73	天降宝箱	310014	1	1	1920	2010	1930	1931	0	0	-1	-1	-1	-1	4|1	-1		-1	-1		-1	-1		-1	-1		-1	-1		-1	0	99	58|1	158|1	258|1	358|1	89|1	189|1	289|1	389|1	0|-1	0|-1	1	0
74	天降宝箱	-1	1	1	1230	1231	-1	-1	0	0	-1	-1	-1	-1	5	-1		-1	-1		-1	-1		-1	-1		-1	-1		-1	0	99	58|1	158|1	258|1	358|1	89|1	189|1	289|1	389|1	0|-1	0|-1	1	0
75	天降宝箱	-1	1	1	1930	1931	-1	-1	0	0	-1	-1	-1	-1	5	-1		-1	-1		-1	-1		-1	-1		-1	-1		-1	0	99	58|1	158|1	258|1	358|1	89|1	189|1	289|1	389|1	0|-1	0|-1	1	0
76	天降宝箱删除	310015	1	1	1300	1301	1300	1301	0	0	-1	-1	-1	-1	4|1	-1		-1	-1		-1	-1		-1	-1		-1	-1		-1	0	99	58|1	158|1	258|1	358|1	89|1	189|1	289|1	389|1	0|-1	0|-1	1	0
77	天降宝箱删除	310015	1	1	2000	2001	2000	2001	0	0	-1	-1	-1	-1	4|1	-1		-1	-1		-1	-1		-1	-1		-1	-1		-1	0	99	58|1	158|1	258|1	358|1	89|1	189|1	289|1	389|1	0|-1	0|-1	1	0
78	仙人谷随机BOSS	305031	1	1	400	401	400	401	0	0	-1	-1	-1	-1	4|1	-1		-1	-1		-1	-1		-1	-1		-1	-1		-1	-1	7	0|-1	0|-1	0|-1	0|-1	0|-1	0|-1	0|-1	0|-1	0|-1	0|-1	0	0
79	仙人谷随机BOSS	305031	1	1	800	801	800	801	0	0	-1	-1	-1	-1	4|1	-1		-1	-1		-1	-1		-1	-1		-1	-1		-1	-1	7	0|-1	0|-1	0|-1	0|-1	0|-1	0|-1	0|-1	0|-1	0|-1	0|-1	0	0
80	仙人谷随机BOSS	305031	1	1	1200	1201	1200	1201	0	0	-1	-1	-1	-1	4|1	-1		-1	-1		-1	-1		-1	-1		-1	-1		-1	-1	7	0|-1	0|-1	0|-1	0|-1	0|-1	0|-1	0|-1	0|-1	0|-1	0|-1	0	0
81	仙人谷随机BOSS	305031	1	1	1600	1601	1600	1601	0	0	-1	-1	-1	-1	4|1	-1		-1	-1		-1	-1		-1	-1		-1	-1		-1	-1	7	0|-1	0|-1	0|-1	0|-1	0|-1	0|-1	0|-1	0|-1	0|-1	0|-1	0	0
82	仙人谷随机BOSS	305031	1	1	2000	2001	2000	2001	0	0	-1	-1	-1	-1	4|1	-1		-1	-1		-1	-1		-1	-1		-1	-1		-1	-1	7	0|-1	0|-1	0|-1	0|-1	0|-1	0|-1	0|-1	0|-1	0|-1	0|-1	0	0
83	粮仓随机BOSS	305030	1	1	400	401	400	401	0	0	-1	-1	-1	-1	4|1	-1		-1	-1		-1	-1		-1	-1		-1	-1		-1	0	99	87|4	187|3	287|2	387|1	0|-1	0|-1	0|-1	0|-1	0|-1	0|-1	0	0
84	粮仓随机BOSS	305030	1	1	800	801	800	801	0	0	-1	-1	-1	-1	4|1	-1		-1	-1		-1	-1		-1	-1		-1	-1		-1	0	99	87|4	187|3	287|2	387|1	0|-1	0|-1	0|-1	0|-1	0|-1	0|-1	0	0
85	粮仓随机BOSS	305030	1	1	1200	1201	1200	1201	0	0	-1	-1	-1	-1	4|1	-1		-1	-1		-1	-1		-1	-1		-1	-1		-1	0	99	87|4	187|3	287|2	387|1	0|-1	0|-1	0|-1	0|-1	0|-1	0|-1	0	0
86	粮仓随机BOSS	305030	1	1	1600	1601	1600	1601	0	0	-1	-1	-1	-1	4|1	-1		-1	-1		-1	-1		-1	-1		-1	-1		-1	0	99	87|4	187|3	287|2	387|1	0|-1	0|-1	0|-1	0|-1	0|-1	0|-1	0	0
87	粮仓随机BOSS	305030	1	1	2000	2001	2000	2001	0	0	-1	-1	-1	-1	4|1	-1		-1	-1		-1	-1		-1	-1		-1	-1		-1	0	99	87|4	187|3	287|2	387|1	0|-1	0|-1	0|-1	0|-1	0|-1	0|-1	0	0
88	国王争夺战	-1	0	2	1345	1701	1345	1701	0	0	-1	-1	-1	-1	4|1	900	国王战场报名时间将在14：00开始，请参加报名的帮会做好准备！	1358	120	国王战场报名开始，请参加的帮会前往本国王城国家管理员处报名！	1401	5400	国王战场报名进行中，请参加报名的帮会前往国家管理员处报名参加！	1532	1800	国王战场报名进行中，请参加报名的帮会前往国家管理员处报名参加！	1603	3420	国王战场报名结束！	1701	0	99	0|1	0|-1	0|-1	0|-1	0|-1	0|-1	0|-1	0|-1	0|-1	0|-1	1	0
89	乌龙辞典结束触发	310185	0	2	2000	2001	2000	2001	0	0	-1	-1	-1	-1	4|1	180		71400	-1		-1	-1		-1	-1		-1	-1		-1	0	99	0|1	50|1	150|1	250|1	350|1	0|-1	0|-1	0|-1	0|-1	0|-1	1	0
90	排行榜挑战赛	-1	1	1	30	2331	30	2331	0	0	1	-1	-1	-1	4|1	1440	排行榜挑战赛火热角逐中！欢迎各位勇士到王国排行榜挑战赛主持人处了解详情！	2331	-1		-1	-1		-1	-1		-1	-1		-1	-2	99	0|-1	0|-1	0|-1	0|-1	0|-1	0|-1	0|-1	0|-1	0|-1	0|-1	1	0
91	年兽活动1	310801	1	1	1459	1500	1459	1500	0	0	-1	-1	-1	-1	4|1	-1		-1	-1		-1	-1		-1	-1		-1	-1		-1	-2	99	0|-1	0|-1	0|-1	0|-1	0|-1	0|-1	0|-1	0|-1	0|-1	0|-1	1	0
92	年兽活动2	310801	1	1	1859	1900	1859	1900	0	0	-1	-1	-1	-1	4|1	-1		-1	-1		-1	-1		-1	-1		-1	-1		-1	-2	99	0|-1	0|-1	0|-1	0|-1	0|-1	0|-1	0|-1	0|-1	0|-1	0|-1	1	0
93	公车bus	310081	1	1	1205	1216	1215	1245	0	0	-1	-1	-1	-1	4|1	601	神兽玄武就要从马场驶出，请希望观光旅游的乘客到车站等候。	1214	60	神兽玄武已经从王国马场驶出，请希望观光旅游的乘客到车站乘车。	1216	-1		-1	-1		-1	-1		-1	0	99	89|1	189|1	289|1	389|1	0|-1	0|-1	0|-1	0|-1	0|-1	0|-1	1	0
94	公车bus结束	310082	1	1	1245	1246	1245	1246	0	0	-1	-1	-1	-1	4|1	61	神兽玄武已经结束发车，请等待下一次开车。	1246	-1		-1	-1		-1	-1		-1	-1		-1	0	99	89|1	189|1	289|1	389|1	0|-1	0|-1	0|-1	0|-1	0|-1	0|-1	1	0
95	公车bus	310081	1	1	1405	1416	1415	1445	0	0	-1	-1	-1	-1	4|1	601	神兽玄武就要从马场驶出，请希望观光旅游的乘客到车站等候。	1414	60	神兽玄武已经从王国马场驶出，请希望观光旅游的乘客到车站乘车。	1416	-1		-1	-1		-1	-1		-1	0	99	89|1	189|1	289|1	389|1	0|-1	0|-1	0|-1	0|-1	0|-1	0|-1	1	0
96	公车bus结束	310082	1	1	1445	1446	1445	1446	0	0	-1	-1	-1	-1	4|1	61	神兽玄武已经结束发车，请等待下一次开车。	1446	-1		-1	-1		-1	-1		-1	-1		-1	0	99	89|1	189|1	289|1	389|1	0|-1	0|-1	0|-1	0|-1	0|-1	0|-1	1	0
97	公车bus	310081	1	1	1605	1616	1615	1645	0	0	-1	-1	-1	-1	4|1	601	神兽玄武就要从马场驶出，请希望观光旅游的乘客到车站等候。	1614	60	神兽玄武已经从王国马场驶出，请希望观光旅游的乘客到车站乘车。	1616	-1		-1	-1		-1	-1		-1	0	99	89|1	189|1	289|1	389|1	0|-1	0|-1	0|-1	0|-1	0|-1	0|-1	1	0
98	公车bus结束	310082	1	1	1645	1646	1645	1646	0	0	-1	-1	-1	-1	4|1	61	神兽玄武已经结束发车，请等待下一次开车。	1646	-1		-1	-1		-1	-1		-1	-1		-1	0	99	89|1	189|1	289|1	389|1	0|-1	0|-1	0|-1	0|-1	0|-1	0|-1	1	0
99	公车bus	310081	1	1	1805	1816	1815	1845	0	0	-1	-1	-1	-1	4|1	601	神兽玄武就要从马场驶出，请希望观光旅游的乘客到车站等候。	1814	60	神兽玄武已经从王国马场驶出，请希望观光旅游的乘客到车站乘车。	1816	-1		-1	-1		-1	-1		-1	0	99	89|1	189|1	289|1	389|1	0|-1	0|-1	0|-1	0|-1	0|-1	0|-1	1	0
100	公车bus结束	310082	1	1	1845	1846	1845	1846	0	0	-1	-1	-1	-1	4|1	61	神兽玄武已经结束发车，请等待下一次开车。	1846	-1		-1	-1		-1	-1		-1	-1		-1	0	99	89|1	189|1	289|1	389|1	0|-1	0|-1	0|-1	0|-1	0|-1	0|-1	1	0
101	公车bus	-1	1	1	1215	1216	-1	-1	0	0	-1	-1	-1	-1	5	61	神兽玄武从王国马场驶出	1216	-1		-1	-1		-1	-1		-1	-1		-1	0	99	89|1	189|1	289|1	389|1	0|-1	0|-1	0|-1	0|-1	0|-1	0|-1	1	0
102	公车bus	-1	1	1	1415	1416	-1	-1	0	0	-1	-1	-1	-1	5	61	神兽玄武从王国马场驶出	1416	-1		-1	-1		-1	-1		-1	-1		-1	0	99	89|1	189|1	289|1	389|1	0|-1	0|-1	0|-1	0|-1	0|-1	0|-1	1	0
103	公车bus	-1	1	1	1615	1616	-1	-1	0	0	-1	-1	-1	-1	5	61	神兽玄武从王国马场驶出	1616	-1		-1	-1		-1	-1		-1	-1		-1	0	99	89|1	189|1	289|1	389|1	0|-1	0|-1	0|-1	0|-1	0|-1	0|-1	1	0
104	公车bus	-1	1	1	1815	1816	-1	-1	0	0	-1	-1	-1	-1	5	61	神兽玄武从王国马场驶出	1816	-1		-1	-1		-1	-1		-1	-1		-1	0	99	89|1	189|1	289|1	389|1	0|-1	0|-1	0|-1	0|-1	0|-1	0|-1	1	0
105	守护争夺战	-1	0	2	1930	2101	1930	2101	0	0	-1	-1	-1	-1	4|1	900	朱雀战场、青龙战场报名时间将在20：25开始，请参加报名的帮会做好准备！	2014	660	朱雀战场、青龙战场报名开始，请参加的帮会前往本国王城国家守护管理员处报名！	2026	300	朱雀战场、青龙战场报名进行中，请参加报名的帮会前往国家守护管理员处报名参加！	2035	300	朱雀战场、青龙战场报名进行中，请参加报名的帮会前往国家守护管理员处报名参加！	2035	300	朱雀战场、青龙战场报名结束！	2041	0	99	0|1	0|-1	0|-1	0|-1	0|-1	0|-1	0|-1	0|-1	0|-1	0|-1	1	0
106	领地争夺战	-1	0	2	61230	61231	61300	61431	0	0	-1	-1	-1	-1	4|1	900	领地争夺战报名将于13：00 开始，请大家踊跃参加！	61231	1740	领地争夺战报名火热进行中，您可以在本国的领地管理员处进行报名！	61301	1740	领地争夺战报名火热进行中，您可以在本国的领地管理员处进行报名！	61331	1740	领地争夺战报名火热进行中，您可以在本国的领地管理员处进行报名！	61401	1740	领地争夺战报名火热进行中，您可以在本国的领地管理员处进行报名！	61431	-2	99	0|-1	0|-1	0|-1	0|-1	0|-1	0|-1	0|-1	0|-1	0|-1	0|-1	1	0
107	领地争夺战	-1	0	2	61500	61701	61500	61701	0	0	-1	-1	-1	-1	4|1	900	领地争夺战报名时间已经结束，领地争夺战将于16：00开始，请参加帮会做好准备！	61501	1740	领地争夺战报名时间已经结束，领地争夺战将于16：00开始，请参加帮会做好准备！	61531	1740	领地争夺战已经开始	61601	840	领地争夺战火热进行中	61616	2640	领地争夺战已经结束	61701	-2	99	0|-1	0|-1	0|-1	0|-1	0|-1	0|-1	0|-1	0|-1	0|-1	0|-1	1	0
108	据点定时BOSS	305040	1	1	1030	1100	1030	1100	0	0	-1	-1	-1	-1	1	1801	魔君的部将们在凤翔府、阿尔金山、撒马尔罕、莫斯科公国、匈牙利、大马士革、婆罗洲等地出现！各位勇士速速前往将其剿灭！	2301	-1		-1	-1		-1	-1		-1	-1		-1	-2	99	0|-1	0|-1	0|-1	0|-1	0|-1	0|-1	0|-1	0|-1	0|-1	0|-1	1	0
109	据点定时BOSS	-1	1	1	1030	1031	-1	-1	0	0	-1	-1	-1	-1	5	61	魔君部将出现!	2301	-1		-1	-1		-1	-1		-1	-1		-1	-2	99	0|-1	0|-1	0|-1	0|-1	0|-1	0|-1	0|-1	0|-1	0|-1	0|-1	1	0
110	据点定时BOSS消失	-1	1	1	1100	1101	1100	1101	0	0	-1	-1	-1	-1	1	61	魔君部将们被全部击败，只留下他们那充满怨恨的诅咒：总有一天，魔君会降临并征服这整个世界......	1	-1		-1	-1		-1	-1		-1	-1		-1	-2	99	0|-1	0|-1	0|-1	0|-1	0|-1	0|-1	0|-1	0|-1	0|-1	0|-1	1	0
111	据点定时BOSS	305040	1	1	1230	1300	1230	1300	0	0	-1	-1	-1	-1	1	1801	魔君的部将们在凤翔府、阿尔金山、撒马尔罕、莫斯科公国、匈牙利、大马士革、婆罗洲等地出现！各位勇士速速前往将其剿灭！	2301	-1		-1	-1		-1	-1		-1	-1		-1	-2	99	0|-1	0|-1	0|-1	0|-1	0|-1	0|-1	0|-1	0|-1	0|-1	0|-1	1	0
112	据点定时BOSS	-1	1	1	1230	1231	-1	-1	0	0	-1	-1	-1	-1	5	61	魔君部将出现!	2301	-1		-1	-1		-1	-1		-1	-1		-1	-2	99	0|-1	0|-1	0|-1	0|-1	0|-1	0|-1	0|-1	0|-1	0|-1	0|-1	1	0
113	据点定时BOSS消失	-1	1	1	1300	1301	1300	1301	0	0	-1	-1	-1	-1	1	61	魔君部将们被全部击败，只留下他们那充满怨恨的诅咒：总有一天，魔君会降临并征服这整个世界......	1	-1		-1	-1		-1	-1		-1	-1		-1	-2	99	0|-1	0|-1	0|-1	0|-1	0|-1	0|-1	0|-1	0|-1	0|-1	0|-1	1	0
114	据点定时BOSS	305040	1	1	1430	1500	1430	1500	0	0	-1	-1	-1	-1	1	1801	魔君的部将们在凤翔府、阿尔金山、撒马尔罕、莫斯科公国、匈牙利、大马士革、婆罗洲等地出现！各位勇士速速前往将其剿灭！	2301	-1		-1	-1		-1	-1		-1	-1		-1	-2	99	0|-1	0|-1	0|-1	0|-1	0|-1	0|-1	0|-1	0|-1	0|-1	0|-1	1	0
115	据点定时BOSS	-1	1	1	1430	1431	-1	-1	0	0	-1	-1	-1	-1	5	61	魔君部将出现!	2301	-1		-1	-1		-1	-1		-1	-1		-1	-2	99	0|-1	0|-1	0|-1	0|-1	0|-1	0|-1	0|-1	0|-1	0|-1	0|-1	1	0
116	据点定时BOSS消失	-1	1	1	1500	1501	1500	1501	0	0	-1	-1	-1	-1	1	61	魔君部将们被全部击败，只留下他们那充满怨恨的诅咒：总有一天，魔君会降临并征服这整个世界......	1	-1		-1	-1		-1	-1		-1	-1		-1	-2	99	0|-1	0|-1	0|-1	0|-1	0|-1	0|-1	0|-1	0|-1	0|-1	0|-1	1	0
117	据点定时BOSS	305040	1	1	1630	1700	1630	1700	0	0	-1	-1	-1	-1	1	1801	魔君的部将们在凤翔府、阿尔金山、撒马尔罕、莫斯科公国、匈牙利、大马士革、婆罗洲等地出现！各位勇士速速前往将其剿灭！	2301	-1		-1	-1		-1	-1		-1	-1		-1	-2	99	0|-1	0|-1	0|-1	0|-1	0|-1	0|-1	0|-1	0|-1	0|-1	0|-1	1	0
118	据点定时BOSS	-1	1	1	1630	1631	-1	-1	0	0	-1	-1	-1	-1	5	61	魔君部将出现!	2301	-1		-1	-1		-1	-1		-1	-1		-1	-2	99	0|-1	0|-1	0|-1	0|-1	0|-1	0|-1	0|-1	0|-1	0|-1	0|-1	1	0
119	据点定时BOSS消失	-1	1	1	1700	1701	1700	1701	0	0	-1	-1	-1	-1	1	61	魔君部将们被全部击败，只留下他们那充满怨恨的诅咒：总有一天，魔君会降临并征服这整个世界......	1	-1		-1	-1		-1	-1		-1	-1		-1	-2	99	0|-1	0|-1	0|-1	0|-1	0|-1	0|-1	0|-1	0|-1	0|-1	0|-1	1	0
120	据点定时BOSS	305040	1	1	1830	1900	1830	1900	0	0	-1	-1	-1	-1	1	1801	魔君的部将们在凤翔府、阿尔金山、撒马尔罕、莫斯科公国、匈牙利、大马士革、婆罗洲等地出现！各位勇士速速前往将其剿灭！	2301	-1		-1	-1		-1	-1		-1	-1		-1	-2	99	0|-1	0|-1	0|-1	0|-1	0|-1	0|-1	0|-1	0|-1	0|-1	0|-1	1	0
121	据点定时BOSS	-1	1	1	1830	1831	-1	-1	0	0	-1	-1	-1	-1	5	61	魔君部将出现!	2301	-1		-1	-1		-1	-1		-1	-1		-1	-2	99	0|-1	0|-1	0|-1	0|-1	0|-1	0|-1	0|-1	0|-1	0|-1	0|-1	1	0
122	据点定时BOSS消失	-1	1	1	1900	1901	1900	1901	0	0	-1	-1	-1	-1	1	61	魔君部将们被全部击败，只留下他们那充满怨恨的诅咒：总有一天，魔君会降临并征服这整个世界......	1	-1		-1	-1		-1	-1		-1	-1		-1	-2	99	0|-1	0|-1	0|-1	0|-1	0|-1	0|-1	0|-1	0|-1	0|-1	0|-1	1	0
123	据点定时BOSS	305040	1	1	2130	2200	2130	2200	0	0	-1	-1	-1	-1	1	1801	魔君的部将们在凤翔府、阿尔金山、撒马尔罕、莫斯科公国、匈牙利、大马士革、婆罗洲等地出现！各位勇士速速前往将其剿灭！	2301	-1		-1	-1		-1	-1		-1	-1		-1	-2	99	0|-1	0|-1	0|-1	0|-1	0|-1	0|-1	0|-1	0|-1	0|-1	0|-1	1	0
124	据点定时BOSS	-1	1	1	2130	2131	-1	-1	0	0	-1	-1	-1	-1	5	61	魔君部将出现!	2301	-1		-1	-1		-1	-1		-1	-1		-1	-2	99	0|-1	0|-1	0|-1	0|-1	0|-1	0|-1	0|-1	0|-1	0|-1	0|-1	1	0
125	据点定时BOSS消失	-1	1	1	2200	2201	2200	2201	0	0	-1	-1	-1	-1	1	61	魔君部将们被全部击败，只留下他们那充满怨恨的诅咒：总有一天，魔君会降临并征服这整个世界......	1	-1		-1	-1		-1	-1		-1	-1		-1	-2	99	0|-1	0|-1	0|-1	0|-1	0|-1	0|-1	0|-1	0|-1	0|-1	0|-1	1	0
126	世界杯	300837	0	2	61629	61629	61629	61630	0	0	-1	-1	-1	-1	4|1	-1		-1	-1		-1	-1		-1	-1		-1	-1		-1	0	39	14|1	0|-1	0|-1	0|-1	0|-1	0|-1	0|-1	0|-1	0|-1	0|-1	0	0	
127	游乐场-暴龙开始	-1	0	2	61150	61151	-1	-1	0	0	-1	-1	-1	-1	4|1	61	#G暴龙大作战#R即将开始，各位玩家可以通过大都南的天上人间传送人（128，70）进入天上人间・麒麟，找到暴龙大作战发布人（70，59）参加精彩刺激的活动	61151	-1		-1	-1		-1	-1		-1	-1		-1	0	99	0|-1	0|-1	0|-1	0|-1	0|-1	0|-1	0|-1	0|-1	0|-1	0|-1	1	0	
128	游乐场-暴龙大作战	310320	0	2	61200	61201	61200	61201	0	0	-1	-1	-1	-1	4|1	-1	暴龙大作战开始了，大家可到暴龙大作战发布人（70，59）处准备领取任务！	61201	-1		-1	-1		-1	-1		-1	-1		-1	0	39	39|1	0|-1	0|-1	0|-1	0|-1	0|-1	0|-1	0|-1	0|-1	0|-1	1	0	39
129	游乐场-暴龙结束	-1	0	2	61210	61211	-1	-1	0	0	-1	-1	-1	-1	4|1	61		-1	-1		-1	-1		-1	-1		-1	-1		-1	0	39	39|1	0|-1	0|-1	0|-1	0|-1	0|-1	0|-1	0|-1	0|-1	0|-1	1	0	39
130	游乐场-暴龙开始	-1	0	2	61250	61251	-1	-1	0	0	-1	-1	-1	-1	4|1	61	#G暴龙大作战#R即将开始，各位玩家可以通过大都南的天上人间传送人（128，70）进入天上人间・麒麟，找到暴龙大作战发布人（70，59）参加精彩刺激的活动	61251	-1		-1	-1		-1	-1		-1	-1		-1	0	99	0|-1	0|-1	0|-1	0|-1	0|-1	0|-1	0|-1	0|-1	0|-1	0|-1	1	0	
131	游乐场-暴龙大作战	310320	0	2	61300	61301	61300	61301	0	0	-1	-1	-1	-1	4|1	-1	暴龙大作战开始了，大家可到暴龙大作战发布人（70，59）处准备领取任务！	61301	-1		-1	-1		-1	-1		-1	-1		-1	0	39	39|1	0|-1	0|-1	0|-1	0|-1	0|-1	0|-1	0|-1	0|-1	0|-1	1	0	39
132	游乐场-暴龙结束	-1	0	2	61310	61311	-1	-1	0	0	-1	-1	-1	-1	4|1	61		-1	-1		-1	-1		-1	-1		-1	-1		-1	0	39	39|1	0|-1	0|-1	0|-1	0|-1	0|-1	0|-1	0|-1	0|-1	0|-1	1	0	39
133	游乐场-暴龙开始	-1	0	2	61350	61351	-1	-1	0	0	-1	-1	-1	-1	4|1	61	#G暴龙大作战#R即将开始，各位玩家可以通过大都南的天上人间传送人（128，70）进入天上人间・麒麟，找到暴龙大作战发布人（70，59）参加精彩刺激的活动	61351	-1		-1	-1		-1	-1		-1	-1		-1	0	99	0|-1	0|-1	0|-1	0|-1	0|-1	0|-1	0|-1	0|-1	0|-1	0|-1	1	0	
134	游乐场-暴龙大作战	310320	0	2	61400	61401	61400	61401	0	0	-1	-1	-1	-1	4|1	-1	暴龙大作战开始了，大家可到暴龙大作战发布人（70，59）处准备领取任务！	61401	-1		-1	-1		-1	-1		-1	-1		-1	0	39	39|1	0|-1	0|-1	0|-1	0|-1	0|-1	0|-1	0|-1	0|-1	0|-1	1	0	39
135	游乐场-暴龙结束	-1	0	2	61410	61411	-1	-1	0	0	-1	-1	-1	-1	4|1	61		-1	-1		-1	-1		-1	-1		-1	-1		-1	0	39	39|1	0|-1	0|-1	0|-1	0|-1	0|-1	0|-1	0|-1	0|-1	0|-1	1	0	39
136	游乐场-暴龙开始	-1	0	2	61450	61451	-1	-1	0	0	-1	-1	-1	-1	4|1	61	#G暴龙大作战#R即将开始，各位玩家可以通过大都南的天上人间传送人（128，70）进入天上人间・麒麟，找到暴龙大作战发布人（70，59）参加精彩刺激的活动	61451	-1		-1	-1		-1	-1		-1	-1		-1	0	99	0|-1	0|-1	0|-1	0|-1	0|-1	0|-1	0|-1	0|-1	0|-1	0|-1	1	0	
137	游乐场-暴龙大作战	310320	0	2	61500	61501	61500	61501	0	0	-1	-1	-1	-1	4|1	-1	暴龙大作战开始了，大家可到暴龙大作战发布人（70，59）处准备领取任务！	61501	-1		-1	-1		-1	-1		-1	-1		-1	0	39	39|1	0|-1	0|-1	0|-1	0|-1	0|-1	0|-1	0|-1	0|-1	0|-1	1	0	39
138	游乐场-暴龙结束	-1	0	2	61510	61511	-1	-1	0	0	-1	-1	-1	-1	4|1	61		-1	-1		-1	-1		-1	-1		-1	-1		-1	0	39	39|1	0|-1	0|-1	0|-1	0|-1	0|-1	0|-1	0|-1	0|-1	0|-1	1	0	39
139	游乐场-暴龙开始	-1	0	2	61550	61551	-1	-1	0	0	-1	-1	-1	-1	4|1	61	#G暴龙大作战#R即将开始，各位玩家可以通过大都南的天上人间传送人（128，70）进入天上人间・麒麟，找到暴龙大作战发布人（70，59）参加精彩刺激的活动	61551	-1		-1	-1		-1	-1		-1	-1		-1	0	99	0|-1	0|-1	0|-1	0|-1	0|-1	0|-1	0|-1	0|-1	0|-1	0|-1	1	0	
140	游乐场-暴龙大作战	310320	0	2	61600	61601	61600	61601	0	0	-1	-1	-1	-1	4|1	-1	暴龙大作战开始了，大家可到暴龙大作战发布人（70，59）处准备领取任务！	61601	-1		-1	-1		-1	-1		-1	-1		-1	0	39	39|1	0|-1	0|-1	0|-1	0|-1	0|-1	0|-1	0|-1	0|-1	0|-1	1	0	39
141	游乐场-暴龙结束	-1	0	2	61610	61611	-1	-1	0	0	-1	-1	-1	-1	4|1	61		-1	-1		-1	-1		-1	-1		-1	-1		-1	0	39	39|1	0|-1	0|-1	0|-1	0|-1	0|-1	0|-1	0|-1	0|-1	0|-1	1	0	39
142	游乐场-暴龙开始	-1	0	2	61650	61651	-1	-1	0	0	-1	-1	-1	-1	4|1	61	#G暴龙大作战#R即将开始，各位玩家可以通过大都南的天上人间传送人（128，70）进入天上人间・麒麟，找到暴龙大作战发布人（70，59）参加精彩刺激的活动	61651	-1		-1	-1		-1	-1		-1	-1		-1	0	99	0|-1	0|-1	0|-1	0|-1	0|-1	0|-1	0|-1	0|-1	0|-1	0|-1	1	0	
143	游乐场-暴龙大作战	310320	0	2	61700	61701	61700	61701	0	0	-1	-1	-1	-1	4|1	-1	暴龙大作战开始了，大家可到暴龙大作战发布人（70，59）处准备领取任务！	61701	-1		-1	-1		-1	-1		-1	-1		-1	0	39	39|1	0|-1	0|-1	0|-1	0|-1	0|-1	0|-1	0|-1	0|-1	0|-1	1	0	39
144	游乐场-暴龙结束	-1	0	2	61710	61711	-1	-1	0	0	-1	-1	-1	-1	4|1	61		-1	-1		-1	-1		-1	-1		-1	-1		-1	0	39	39|1	0|-1	0|-1	0|-1	0|-1	0|-1	0|-1	0|-1	0|-1	0|-1	1	0	39
145	游乐场-暴龙开始	-1	0	2	61750	61751	-1	-1	0	0	-1	-1	-1	-1	4|1	61	#G暴龙大作战#R即将开始，各位玩家可以通过大都南的天上人间传送人（128，70）进入天上人间・麒麟，找到暴龙大作战发布人（70，59）参加精彩刺激的活动	61751	-1		-1	-1		-1	-1		-1	-1		-1	0	99	0|-1	0|-1	0|-1	0|-1	0|-1	0|-1	0|-1	0|-1	0|-1	0|-1	1	0	
146	游乐场-暴龙大作战	310320	0	2	61800	61801	61800	61801	0	0	-1	-1	-1	-1	4|1	-1	暴龙大作战开始了，大家可到暴龙大作战发布人（70，59）处准备领取任务！	61801	-1		-1	-1		-1	-1		-1	-1		-1	0	39	39|1	0|-1	0|-1	0|-1	0|-1	0|-1	0|-1	0|-1	0|-1	0|-1	1	0	39
147	游乐场-暴龙结束	-1	0	2	61810	61811	-1	-1	0	0	-1	-1	-1	-1	4|1	61		-1	-1		-1	-1		-1	-1		-1	-1		-1	0	39	39|1	0|-1	0|-1	0|-1	0|-1	0|-1	0|-1	0|-1	0|-1	0|-1	1	0	39
148	游乐场-暴龙开始	-1	0	2	61850	61851	-1	-1	0	0	-1	-1	-1	-1	4|1	61	#G暴龙大作战#R即将开始，各位玩家可以通过大都南的天上人间传送人（128，70）进入天上人间・麒麟，找到暴龙大作战发布人（70，59）参加精彩刺激的活动	61851	-1		-1	-1		-1	-1		-1	-1		-1	0	99	0|-1	0|-1	0|-1	0|-1	0|-1	0|-1	0|-1	0|-1	0|-1	0|-1	1	0	
149	游乐场-暴龙大作战	310320	0	2	61900	61901	61900	61901	0	0	-1	-1	-1	-1	4|1	-1	暴龙大作战开始了，大家可到暴龙大作战发布人（70，59）处准备领取任务！	61901	-1		-1	-1		-1	-1		-1	-1		-1	0	39	39|1	0|-1	0|-1	0|-1	0|-1	0|-1	0|-1	0|-1	0|-1	0|-1	1	0	39
150	游乐场-暴龙结束	-1	0	2	61910	61911	-1	-1	0	0	-1	-1	-1	-1	4|1	61		-1	-1		-1	-1		-1	-1		-1	-1		-1	0	39	39|1	0|-1	0|-1	0|-1	0|-1	0|-1	0|-1	0|-1	0|-1	0|-1	1	0	39
151	游乐场-暴龙开始	-1	0	2	61950	61951	-1	-1	0	0	-1	-1	-1	-1	4|1	61	#G暴龙大作战#R即将开始，各位玩家可以通过大都南的天上人间传送人（128，70）进入天上人间・麒麟，找到暴龙大作战发布人（70，59）参加精彩刺激的活动	61951	-1		-1	-1		-1	-1		-1	-1		-1	0	99	0|-1	0|-1	0|-1	0|-1	0|-1	0|-1	0|-1	0|-1	0|-1	0|-1	1	0	
152	游乐场-暴龙大作战	310320	0	2	62000	62001	62000	62001	0	0	-1	-1	-1	-1	4|1	-1	暴龙大作战开始了，大家可到暴龙大作战发布人（70，59）处准备领取任务！	62001	-1		-1	-1		-1	-1		-1	-1		-1	0	39	39|1	0|-1	0|-1	0|-1	0|-1	0|-1	0|-1	0|-1	0|-1	0|-1	1	0	39
153	游乐场-暴龙结束	-1	0	2	62010	62011	-1	-1	0	0	-1	-1	-1	-1	4|1	61		-1	-1		-1	-1		-1	-1		-1	-1		-1	0	39	39|1	0|-1	0|-1	0|-1	0|-1	0|-1	0|-1	0|-1	0|-1	0|-1	1	0	39
154	游乐场-暴龙开始	-1	0	2	62050	62051	-1	-1	0	0	-1	-1	-1	-1	4|1	61	#G暴龙大作战#R即将开始，各位玩家可以通过大都南的天上人间传送人（128，70）进入天上人间・麒麟，找到暴龙大作战发布人（70，59）参加精彩刺激的活动	62051	-1		-1	-1		-1	-1		-1	-1		-1	0	99	0|-1	0|-1	0|-1	0|-1	0|-1	0|-1	0|-1	0|-1	0|-1	0|-1	1	0	
155	游乐场-暴龙大作战	310320	0	2	62100	62101	62100	62101	0	0	-1	-1	-1	-1	4|1	-1	暴龙大作战开始了，大家可到暴龙大作战发布人（70，59）处准备领取任务！	62101	-1		-1	-1		-1	-1		-1	-1		-1	0	39	39|1	0|-1	0|-1	0|-1	0|-1	0|-1	0|-1	0|-1	0|-1	0|-1	1	0	39
156	游乐场-暴龙结束	-1	0	2	62110	62111	-1	-1	0	0	-1	-1	-1	-1	4|1	61		-1	-1		-1	-1		-1	-1		-1	-1		-1	0	39	39|1	0|-1	0|-1	0|-1	0|-1	0|-1	0|-1	0|-1	0|-1	0|-1	1	0	39
157	游乐场-暴龙开始	-1	0	2	62150	62151	-1	-1	0	0	-1	-1	-1	-1	4|1	61	#G暴龙大作战#R即将开始，各位玩家可以通过大都南的天上人间传送人（128，70）进入天上人间・麒麟，找到暴龙大作战发布人（70，59）参加精彩刺激的活动	62151	-1		-1	-1		-1	-1		-1	-1		-1	0	99	0|-1	0|-1	0|-1	0|-1	0|-1	0|-1	0|-1	0|-1	0|-1	0|-1	1	0	
158	游乐场-暴龙大作战	310320	0	2	62200	62201	62200	62201	0	0	-1	-1	-1	-1	4|1	-1	暴龙大作战开始了，大家可到暴龙大作战发布人（70，59）处准备领取任务！	62201	-1		-1	-1		-1	-1		-1	-1		-1	0	39	39|1	0|-1	0|-1	0|-1	0|-1	0|-1	0|-1	0|-1	0|-1	0|-1	1	0	39
159	游乐场-暴龙结束	-1	0	2	62210	62211	-1	-1	0	0	-1	-1	-1	-1	4|1	61		-1	-1		-1	-1		-1	-1		-1	-1		-1	0	39	39|1	0|-1	0|-1	0|-1	0|-1	0|-1	0|-1	0|-1	0|-1	0|-1	1	0	39
160	游乐场-疯狂的箱子	-1	0	2	61225	61226	-1	-1	0	0	-1	-1	-1	-1	4|1	61	#G疯狂的宝箱#R即将开始，各位玩家可以通过大都南的#G天上人间传送人（128，70）#R进入天上人间・麒麟，找到#G疯狂的宝箱发布人（128，118）#R参加精彩刺激的活动！	61226	-1		-1	-1		-1	-1		-1	-1		-1	0	99	0|-1	0|-1	0|-1	0|-1	0|-1	0|-1	0|-1	0|-1	0|-1	0|-1	1	0	
161	游乐场-疯狂的箱子	310324	0	2	61235	61236	61235	61236	0	0	-1	-1	-1	-1	4|1	61	疯狂的箱子出现在天上人间・麒麟中的摩天轮区、旋转木马区、暴龙区和梦幻城堡区！	61236	-1		-1	-1		-1	-1		-1	-1		-1	0	39	39|1	0|-1	0|-1	0|-1	0|-1	0|-1	0|-1	0|-1	0|-1	0|-1	1	0	39
162	游乐场-疯狂的箱子	310325	0	2	61250	61251	61250	61251	0	0	-1	-1	-1	-1	4|1	61	疯狂的箱子已经消失了	61251	-1		-1	-1		-1	-1		-1	-1		-1	0	39	39|1	0|-1	0|-1	0|-1	0|-1	0|-1	0|-1	0|-1	0|-1	0|-1	1	0	39
163	游乐场-疯狂的箱子	-1	0	2	61325	61326	-1	-1	0	0	-1	-1	-1	-1	4|1	61	#G疯狂的宝箱#R即将开始，各位玩家可以通过大都南的#G天上人间传送人（128，70）#R进入天上人间・麒麟，找到#G疯狂的宝箱发布人（128，118）#R参加精彩刺激的活动！	61326	-1		-1	-1		-1	-1		-1	-1		-1	0	99	0|-1	0|-1	0|-1	0|-1	0|-1	0|-1	0|-1	0|-1	0|-1	0|-1	1	0	
164	游乐场-疯狂的箱子	310324	0	2	61335	61336	61335	61336	0	0	-1	-1	-1	-1	4|1	61	疯狂的箱子出现在天上人间・麒麟中的摩天轮区、旋转木马区、暴龙区和梦幻城堡区！	61336	-1		-1	-1		-1	-1		-1	-1		-1	0	39	39|1	0|-1	0|-1	0|-1	0|-1	0|-1	0|-1	0|-1	0|-1	0|-1	1	0	39
165	游乐场-疯狂的箱子	310325	0	2	61350	61351	61350	61351	0	0	-1	-1	-1	-1	4|1	61	疯狂的箱子已经消失了	61351	-1		-1	-1		-1	-1		-1	-1		-1	0	39	39|1	0|-1	0|-1	0|-1	0|-1	0|-1	0|-1	0|-1	0|-1	0|-1	1	0	39
166	游乐场-疯狂的箱子	-1	0	2	61425	61426	-1	-1	0	0	-1	-1	-1	-1	4|1	61	#G疯狂的宝箱#R即将开始，各位玩家可以通过大都南的#G天上人间传送人（128，70）#R进入天上人间・麒麟，找到#G疯狂的宝箱发布人（128，118）#R参加精彩刺激的活动！	61426	-1		-1	-1		-1	-1		-1	-1		-1	0	99	0|-1	0|-1	0|-1	0|-1	0|-1	0|-1	0|-1	0|-1	0|-1	0|-1	1	0	
167	游乐场-疯狂的箱子	310324	0	2	61435	61436	61435	61436	0	0	-1	-1	-1	-1	4|1	61	疯狂的箱子出现在天上人间・麒麟中的摩天轮区、旋转木马区、暴龙区和梦幻城堡区！	61436	-1		-1	-1		-1	-1		-1	-1		-1	0	39	39|1	0|-1	0|-1	0|-1	0|-1	0|-1	0|-1	0|-1	0|-1	0|-1	1	0	39
168	游乐场-疯狂的箱子	310325	0	2	61450	61451	61450	61451	0	0	-1	-1	-1	-1	4|1	61	疯狂的箱子已经消失了	61451	-1		-1	-1		-1	-1		-1	-1		-1	0	39	39|1	0|-1	0|-1	0|-1	0|-1	0|-1	0|-1	0|-1	0|-1	0|-1	1	0	39
169	游乐场-疯狂的箱子	-1	0	2	61525	61526	-1	-1	0	0	-1	-1	-1	-1	4|1	61	#G疯狂的宝箱#R即将开始，各位玩家可以通过大都南的#G天上人间传送人（128，70）#R进入天上人间・麒麟，找到#G疯狂的宝箱发布人（128，118）#R参加精彩刺激的活动！	61526	-1		-1	-1		-1	-1		-1	-1		-1	0	99	0|-1	0|-1	0|-1	0|-1	0|-1	0|-1	0|-1	0|-1	0|-1	0|-1	1	0	
170	游乐场-疯狂的箱子	310324	0	2	61535	61536	61535	61536	0	0	-1	-1	-1	-1	4|1	61	疯狂的箱子出现在天上人间・麒麟中的摩天轮区、旋转木马区、暴龙区和梦幻城堡区！	61536	-1		-1	-1		-1	-1		-1	-1		-1	0	39	39|1	0|-1	0|-1	0|-1	0|-1	0|-1	0|-1	0|-1	0|-1	0|-1	1	0	39
171	游乐场-疯狂的箱子	310325	0	2	61550	61551	61550	61551	0	0	-1	-1	-1	-1	4|1	61	疯狂的箱子已经消失了	61551	-1		-1	-1		-1	-1		-1	-1		-1	0	39	39|1	0|-1	0|-1	0|-1	0|-1	0|-1	0|-1	0|-1	0|-1	0|-1	1	0	39
172	游乐场-疯狂的箱子	-1	0	2	61625	61626	-1	-1	0	0	-1	-1	-1	-1	4|1	61	#G疯狂的宝箱#R即将开始，各位玩家可以通过大都南的#G天上人间传送人（128，70）#R进入天上人间・麒麟，找到#G疯狂的宝箱发布人（128，118）#R参加精彩刺激的活动！	61626	-1		-1	-1		-1	-1		-1	-1		-1	0	99	0|-1	0|-1	0|-1	0|-1	0|-1	0|-1	0|-1	0|-1	0|-1	0|-1	1	0	
173	游乐场-疯狂的箱子	310324	0	2	61635	61636	61635	61636	0	0	-1	-1	-1	-1	4|1	61	疯狂的箱子出现在天上人间・麒麟中的摩天轮区、旋转木马区、暴龙区和梦幻城堡区！	61636	-1		-1	-1		-1	-1		-1	-1		-1	0	39	39|1	0|-1	0|-1	0|-1	0|-1	0|-1	0|-1	0|-1	0|-1	0|-1	1	0	39
174	游乐场-疯狂的箱子	310325	0	2	61650	61651	61650	61651	0	0	-1	-1	-1	-1	4|1	61	疯狂的箱子已经消失了	61651	-1		-1	-1		-1	-1		-1	-1		-1	0	39	39|1	0|-1	0|-1	0|-1	0|-1	0|-1	0|-1	0|-1	0|-1	0|-1	1	0	39
175	游乐场-疯狂的箱子	-1	0	2	61725	61726	-1	-1	0	0	-1	-1	-1	-1	4|1	61	#G疯狂的宝箱#R即将开始，各位玩家可以通过大都南的#G天上人间传送人（128，70）#R进入天上人间・麒麟，找到#G疯狂的宝箱发布人（128，118）#R参加精彩刺激的活动！	61726	-1		-1	-1		-1	-1		-1	-1		-1	0	99	0|-1	0|-1	0|-1	0|-1	0|-1	0|-1	0|-1	0|-1	0|-1	0|-1	1	0	
176	游乐场-疯狂的箱子	310324	0	2	61735	61736	61735	61736	0	0	-1	-1	-1	-1	4|1	61	疯狂的箱子出现在天上人间・麒麟中的摩天轮区、旋转木马区、暴龙区和梦幻城堡区！	61736	-1		-1	-1		-1	-1		-1	-1		-1	0	39	39|1	0|-1	0|-1	0|-1	0|-1	0|-1	0|-1	0|-1	0|-1	0|-1	1	0	39
177	游乐场-疯狂的箱子	310325	0	2	61750	61751	61750	61751	0	0	-1	-1	-1	-1	4|1	61	疯狂的箱子已经消失了	61751	-1		-1	-1		-1	-1		-1	-1		-1	0	39	39|1	0|-1	0|-1	0|-1	0|-1	0|-1	0|-1	0|-1	0|-1	0|-1	1	0	39
178	游乐场-疯狂的箱子	-1	0	2	61825	61826	-1	-1	0	0	-1	-1	-1	-1	4|1	61	#G疯狂的宝箱#R即将开始，各位玩家可以通过大都南的#G天上人间传送人（128，70）#R进入天上人间・麒麟，找到#G疯狂的宝箱发布人（128，118）#R参加精彩刺激的活动！	61826	-1		-1	-1		-1	-1		-1	-1		-1	0	99	0|-1	0|-1	0|-1	0|-1	0|-1	0|-1	0|-1	0|-1	0|-1	0|-1	1	0	
179	游乐场-疯狂的箱子	310324	0	2	61835	61836	61835	61836	0	0	-1	-1	-1	-1	4|1	61	疯狂的箱子出现在天上人间・麒麟中的摩天轮区、旋转木马区、暴龙区和梦幻城堡区！	61836	-1		-1	-1		-1	-1		-1	-1		-1	0	39	39|1	0|-1	0|-1	0|-1	0|-1	0|-1	0|-1	0|-1	0|-1	0|-1	1	0	39
180	游乐场-疯狂的箱子	310325	0	2	61850	61851	61850	61851	0	0	-1	-1	-1	-1	4|1	61	疯狂的箱子已经消失了	61851	-1		-1	-1		-1	-1		-1	-1		-1	0	39	39|1	0|-1	0|-1	0|-1	0|-1	0|-1	0|-1	0|-1	0|-1	0|-1	1	0	39
181	游乐场-疯狂的箱子	-1	0	2	61925	61926	-1	-1	0	0	-1	-1	-1	-1	4|1	61	#G疯狂的宝箱#R即将开始，各位玩家可以通过大都南的#G天上人间传送人（128，70）#R进入天上人间・麒麟，找到#G疯狂的宝箱发布人（128，118）#R参加精彩刺激的活动！	61926	-1		-1	-1		-1	-1		-1	-1		-1	0	99	0|-1	0|-1	0|-1	0|-1	0|-1	0|-1	0|-1	0|-1	0|-1	0|-1	1	0	
182	游乐场-疯狂的箱子	310324	0	2	61935	61936	61935	61936	0	0	-1	-1	-1	-1	4|1	61	疯狂的箱子出现在天上人间・麒麟中的摩天轮区、旋转木马区、暴龙区和梦幻城堡区！	61936	-1		-1	-1		-1	-1		-1	-1		-1	0	39	39|1	0|-1	0|-1	0|-1	0|-1	0|-1	0|-1	0|-1	0|-1	0|-1	1	0	39
183	游乐场-疯狂的箱子	310325	0	2	61950	61951	61950	61951	0	0	-1	-1	-1	-1	4|1	61	疯狂的箱子已经消失了	61951	-1		-1	-1		-1	-1		-1	-1		-1	0	39	39|1	0|-1	0|-1	0|-1	0|-1	0|-1	0|-1	0|-1	0|-1	0|-1	1	0	39
184	游乐场-疯狂的箱子	-1	0	2	62025	62026	-1	-1	0	0	-1	-1	-1	-1	4|1	61	#G疯狂的宝箱#R即将开始，各位玩家可以通过大都南的#G天上人间传送人（128，70）#R进入天上人间・麒麟，找到#G疯狂的宝箱发布人（128，118）#R参加精彩刺激的活动！	62026	-1		-1	-1		-1	-1		-1	-1		-1	0	99	0|-1	0|-1	0|-1	0|-1	0|-1	0|-1	0|-1	0|-1	0|-1	0|-1	1	0	
185	游乐场-疯狂的箱子	310324	0	2	62035	62036	62035	62036	0	0	-1	-1	-1	-1	4|1	61	疯狂的箱子出现在天上人间・麒麟中的摩天轮区、旋转木马区、暴龙区和梦幻城堡区！	62036	-1		-1	-1		-1	-1		-1	-1		-1	0	39	39|1	0|-1	0|-1	0|-1	0|-1	0|-1	0|-1	0|-1	0|-1	0|-1	1	0	39
186	游乐场-疯狂的箱子	310325	0	2	62050	62051	62050	62051	0	0	-1	-1	-1	-1	4|1	61	疯狂的箱子已经消失了	62051	-1		-1	-1		-1	-1		-1	-1		-1	0	39	39|1	0|-1	0|-1	0|-1	0|-1	0|-1	0|-1	0|-1	0|-1	0|-1	1	0	39
187	游乐场-疯狂的箱子	-1	0	2	62125	62126	-1	-1	0	0	-1	-1	-1	-1	4|1	61	#G疯狂的宝箱#R即将开始，各位玩家可以通过大都南的#G天上人间传送人（128，70）#R进入天上人间・麒麟，找到#G疯狂的宝箱发布人（128，118）#R参加精彩刺激的活动！	62126	-1		-1	-1		-1	-1		-1	-1		-1	0	99	0|-1	0|-1	0|-1	0|-1	0|-1	0|-1	0|-1	0|-1	0|-1	0|-1	1	0	
188	游乐场-疯狂的箱子	310324	0	2	62135	62136	62135	62136	0	0	-1	-1	-1	-1	4|1	61	疯狂的箱子出现在天上人间・麒麟中的摩天轮区、旋转木马区、暴龙区和梦幻城堡区！	62136	-1		-1	-1		-1	-1		-1	-1		-1	0	39	39|1	0|-1	0|-1	0|-1	0|-1	0|-1	0|-1	0|-1	0|-1	0|-1	1	0	39
189	游乐场-疯狂的箱子	310325	0	2	62150	62151	62150	62151	0	0	-1	-1	-1	-1	4|1	61	疯狂的箱子已经消失了	62151	-1		-1	-1		-1	-1		-1	-1		-1	0	39	39|1	0|-1	0|-1	0|-1	0|-1	0|-1	0|-1	0|-1	0|-1	0|-1	1	0	39
190	游乐场-疯狂的箱子	-1	0	2	62225	62226	-1	-1	0	0	-1	-1	-1	-1	4|1	61	#G疯狂的宝箱#R即将开始，各位玩家可以通过大都南的#G天上人间传送人（128，70）#R进入天上人间・麒麟，找到#G疯狂的宝箱发布人（128，118）#R参加精彩刺激的活动！	62226	-1		-1	-1		-1	-1		-1	-1		-1	0	99	0|-1	0|-1	0|-1	0|-1	0|-1	0|-1	0|-1	0|-1	0|-1	0|-1	1	0	
191	游乐场-疯狂的箱子	310324	0	2	62235	62236	62235	62236	0	0	-1	-1	-1	-1	4|1	61	疯狂的箱子出现在天上人间・麒麟中的摩天轮区、旋转木马区、暴龙区和梦幻城堡区！	62236	-1		-1	-1		-1	-1		-1	-1		-1	0	39	39|1	0|-1	0|-1	0|-1	0|-1	0|-1	0|-1	0|-1	0|-1	0|-1	1	0	39
192	游乐场-疯狂的箱子	310325	0	2	62250	62251	62250	62251	0	0	-1	-1	-1	-1	4|1	61	疯狂的箱子已经消失了	62251	-1		-1	-1		-1	-1		-1	-1		-1	0	39	39|1	0|-1	0|-1	0|-1	0|-1	0|-1	0|-1	0|-1	0|-1	0|-1	1	0	39
193	游乐场-彩票	310338	0	2	52359	60000	52359	60000	0	0	-1	-1	-1	-1	4|1	-1	-1	-1	-1		-1	-1		-1	-1		-1	-1		-1	0	99	39|1	0|-1	0|-1	0|-1	0|-1	0|-1	0|-1	0|-1	0|-1	0|-1	1	0	39
194	游乐场-彩票	310338	0	2	61030	61031	61030	61031	0	1	-1	-1	-1	-1	4|1	-1	-1	-1	-1		-1	-1		-1	-1		-1	-1		-1	0	99	39|1	0|-1	0|-1	0|-1	0|-1	0|-1	0|-1	0|-1	0|-1	0|-1	1	0	39
195	游乐场-彩票	310338	0	2	61230	61231	61230	61231	0	2	-1	-1	-1	-1	4|1	-1	-1	-1	-1		-1	-1		-1	-1		-1	-1		-1	0	99	39|1	0|-1	0|-1	0|-1	0|-1	0|-1	0|-1	0|-1	0|-1	0|-1	1	0	39
196	游乐场-彩票	310338	0	2	61430	61431	61430	61431	0	3	-1	-1	-1	-1	4|1	-1	-1	-1	-1		-1	-1		-1	-1		-1	-1		-1	0	99	39|1	0|-1	0|-1	0|-1	0|-1	0|-1	0|-1	0|-1	0|-1	0|-1	1	0	39
197	游乐场-彩票	310338	0	2	61630	61631	61630	61631	0	4	-1	-1	-1	-1	4|1	-1	-1	-1	-1		-1	-1		-1	-1		-1	-1		-1	0	99	39|1	0|-1	0|-1	0|-1	0|-1	0|-1	0|-1	0|-1	0|-1	0|-1	1	0	39
198	游乐场-彩票	310338	0	2	61830	61831	61830	61831	0	5	-1	-1	-1	-1	4|1	-1	-1	-1	-1		-1	-1		-1	-1		-1	-1		-1	0	99	39|1	0|-1	0|-1	0|-1	0|-1	0|-1	0|-1	0|-1	0|-1	0|-1	1	0	39
199	游乐场-彩票	310338	0	2	62030	62031	62030	62031	0	6	-1	-1	-1	-1	4|1	-1	-1	-1	-1		-1	-1		-1	-1		-1	-1		-1	0	99	39|1	0|-1	0|-1	0|-1	0|-1	0|-1	0|-1	0|-1	0|-1	0|-1	1	0	39
200	游乐场-彩票	310338	0	2	62230	62231	62230	62231	0	7	-1	-1	-1	-1	4|1	-1	-1	-1	-1		-1	-1		-1	-1		-1	-1		-1	0	99	39|1	0|-1	0|-1	0|-1	0|-1	0|-1	0|-1	0|-1	0|-1	0|-1	1	0	39
201	游乐场关闭	310342	0	2	62250	62251	62300	62301	0	0	-1	-1	-1	-1	4|1	61	天上人间・麒麟即将关闭，欢迎您下次再来。	62251	-1		-1	-1		-1	-1		-1	-1		-1	0	39	39|1	0|-1	0|-1	0|-1	0|-1	0|-1	0|-1	0|-1	0|-1	0|-1	1	0	39
202	游乐场全民狂欢	310341	0	2	60900	60901	60900	60901	0	0	-1	-1	-1	-1	4|1	61	魔女艾丽西丝的水晶球又丢失了，请各位游客帮忙找寻回来。	60901	-1		-1	-1		-1	-1		-1	-1		-1	0	99	39|1	0|-1	0|-1	0|-1	0|-1	0|-1	0|-1	0|-1	0|-1	0|-1	1	0	39
203	游乐场全民狂欢	310341	0	2	62250	62251	62250	62251	0	1	-1	-1	-1	-1	4|1	61	魔女艾丽西丝的水晶球都被找回了，谢谢大家的努力。	62251	-1		-1	-1		-1	-1		-1	-1		-1	0	99	39|1	0|-1	0|-1	0|-1	0|-1	0|-1	0|-1	0|-1	0|-1	0|-1	1	0	39
204	游乐场-暴龙开始	-1	0	2	1150	1151	-1	-1	0	0	-1	-1	-1	-1	4|1	61	暴龙大作战即将开始，各位玩家可以通过大都南的天上人间传送人（128，70）进入天上人间・麒麟，找到暴龙大作战发布人（70，59）参加精彩刺激的活动	1151	-1		-1	-1		-1	-1		-1	-1		-1	0	99	0|-1	0|-1	0|-1	0|-1	0|-1	0|-1	0|-1	0|-1	0|-1	0|-1	1	0	
205	游乐场-暴龙大作战	310320	0	2	1200	1201	1200	1201	0	0	-1	-1	-1	-1	4|1	-1	暴龙大作战开始了，大家可到暴龙大作战发布人（70，59）处准备领取任务！	1201	-1		-1	-1		-1	-1		-1	-1		-1	0	39	39|1	0|-1	0|-1	0|-1	0|-1	0|-1	0|-1	0|-1	0|-1	0|-1	1	0	39
206	游乐场-暴龙结束	-1	0	2	1210	1211	-1	-1	0	0	-1	-1	-1	-1	4|1	61	此轮暴龙大作战已经结束！	1211	-1		-1	-1		-1	-1		-1	-1		-1	0	39	39|1	0|-1	0|-1	0|-1	0|-1	0|-1	0|-1	0|-1	0|-1	0|-1	1	0	39
207	游乐场-暴龙开始	-1	0	2	1250	1251	-1	-1	0	0	-1	-1	-1	-1	4|1	61	暴龙大作战即将开始，各位玩家可以通过大都南的天上人间传送人（128，70）进入天上人间・麒麟，找到暴龙大作战发布人（70，59）参加精彩刺激的活动	1251	-1		-1	-1		-1	-1		-1	-1		-1	0	99	0|-1	0|-1	0|-1	0|-1	0|-1	0|-1	0|-1	0|-1	0|-1	0|-1	1	0	
208	游乐场-暴龙大作战	310320	0	2	1300	1301	1300	1301	0	0	-1	-1	-1	-1	4|1	-1	暴龙大作战开始了，大家可到暴龙大作战发布人（70，59）处准备领取任务！	1301	-1		-1	-1		-1	-1		-1	-1		-1	0	39	39|1	0|-1	0|-1	0|-1	0|-1	0|-1	0|-1	0|-1	0|-1	0|-1	1	0	39
209	游乐场-暴龙结束	-1	0	2	1310	1311	-1	-1	0	0	-1	-1	-1	-1	4|1	61	此轮暴龙大作战已经结束！	1311	-1		-1	-1		-1	-1		-1	-1		-1	0	39	39|1	0|-1	0|-1	0|-1	0|-1	0|-1	0|-1	0|-1	0|-1	0|-1	1	0	39
210	游乐场-暴龙开始	-1	0	2	1350	1351	-1	-1	0	0	-1	-1	-1	-1	4|1	61	暴龙大作战即将开始，各位玩家可以通过大都南的天上人间传送人（128，70）进入天上人间・麒麟，找到暴龙大作战发布人（70，59）参加精彩刺激的活动	1351	-1		-1	-1		-1	-1		-1	-1		-1	0	99	0|-1	0|-1	0|-1	0|-1	0|-1	0|-1	0|-1	0|-1	0|-1	0|-1	1	0	
211	游乐场-暴龙大作战	310320	0	2	1400	1401	1400	1401	0	0	-1	-1	-1	-1	4|1	-1	暴龙大作战开始了，大家可到暴龙大作战发布人（70，59）处准备领取任务！	1401	-1		-1	-1		-1	-1		-1	-1		-1	0	39	39|1	0|-1	0|-1	0|-1	0|-1	0|-1	0|-1	0|-1	0|-1	0|-1	1	0	39
212	游乐场-暴龙结束	-1	0	2	1410	1411	-1	-1	0	0	-1	-1	-1	-1	4|1	61	此轮暴龙大作战已经结束！	1411	-1		-1	-1		-1	-1		-1	-1		-1	0	39	39|1	0|-1	0|-1	0|-1	0|-1	0|-1	0|-1	0|-1	0|-1	0|-1	1	0	39
213	游乐场-暴龙开始	-1	0	2	1450	1451	-1	-1	0	0	-1	-1	-1	-1	4|1	61	暴龙大作战即将开始，各位玩家可以通过大都南的天上人间传送人（128，70）进入天上人间・麒麟，找到暴龙大作战发布人（70，59）参加精彩刺激的活动	1451	-1		-1	-1		-1	-1		-1	-1		-1	0	99	0|-1	0|-1	0|-1	0|-1	0|-1	0|-1	0|-1	0|-1	0|-1	0|-1	1	0	
214	游乐场-暴龙大作战	310320	0	2	1500	1501	1500	1501	0	0	-1	-1	-1	-1	4|1	-1	暴龙大作战开始了，大家可到暴龙大作战发布人（70，59）处准备领取任务！	1501	-1		-1	-1		-1	-1		-1	-1		-1	0	39	39|1	0|-1	0|-1	0|-1	0|-1	0|-1	0|-1	0|-1	0|-1	0|-1	1	0	39
215	游乐场-暴龙结束	-1	0	2	1510	1511	-1	-1	0	0	-1	-1	-1	-1	4|1	61	此轮暴龙大作战已经结束！	1511	-1		-1	-1		-1	-1		-1	-1		-1	0	39	39|1	0|-1	0|-1	0|-1	0|-1	0|-1	0|-1	0|-1	0|-1	0|-1	1	0	39
216	游乐场-暴龙开始	-1	0	2	1550	1551	-1	-1	0	0	-1	-1	-1	-1	4|1	61	暴龙大作战即将开始，各位玩家可以通过大都南的天上人间传送人（128，70）进入天上人间・麒麟，找到暴龙大作战发布人（70，59）参加精彩刺激的活动	1551	-1		-1	-1		-1	-1		-1	-1		-1	0	99	0|-1	0|-1	0|-1	0|-1	0|-1	0|-1	0|-1	0|-1	0|-1	0|-1	1	0	
217	游乐场-暴龙大作战	310320	0	2	1600	1601	1600	1601	0	0	-1	-1	-1	-1	4|1	-1	暴龙大作战开始了，大家可到暴龙大作战发布人（70，59）处准备领取任务！	1601	-1		-1	-1		-1	-1		-1	-1		-1	0	39	39|1	0|-1	0|-1	0|-1	0|-1	0|-1	0|-1	0|-1	0|-1	0|-1	1	0	39
218	游乐场-暴龙结束	-1	0	2	1610	1611	-1	-1	0	0	-1	-1	-1	-1	4|1	61	此轮暴龙大作战已经结束！	1611	-1		-1	-1		-1	-1		-1	-1		-1	0	39	39|1	0|-1	0|-1	0|-1	0|-1	0|-1	0|-1	0|-1	0|-1	0|-1	1	0	39
219	游乐场-暴龙开始	-1	0	2	1650	1651	-1	-1	0	0	-1	-1	-1	-1	4|1	61	暴龙大作战即将开始，各位玩家可以通过大都南的天上人间传送人（128，70）进入天上人间・麒麟，找到暴龙大作战发布人（70，59）参加精彩刺激的活动	1651	-1		-1	-1		-1	-1		-1	-1		-1	0	99	0|-1	0|-1	0|-1	0|-1	0|-1	0|-1	0|-1	0|-1	0|-1	0|-1	1	0	
220	游乐场-暴龙大作战	310320	0	2	1700	1701	1700	1701	0	0	-1	-1	-1	-1	4|1	-1	暴龙大作战开始了，大家可到暴龙大作战发布人（70，59）处准备领取任务！	1701	-1		-1	-1		-1	-1		-1	-1		-1	0	39	39|1	0|-1	0|-1	0|-1	0|-1	0|-1	0|-1	0|-1	0|-1	0|-1	1	0	39
221	游乐场-暴龙结束	-1	0	2	1710	1711	-1	-1	0	0	-1	-1	-1	-1	4|1	61	此轮暴龙大作战已经结束！	1711	-1		-1	-1		-1	-1		-1	-1		-1	0	39	39|1	0|-1	0|-1	0|-1	0|-1	0|-1	0|-1	0|-1	0|-1	0|-1	1	0	39
222	游乐场-暴龙开始	-1	0	2	1750	1751	-1	-1	0	0	-1	-1	-1	-1	4|1	61	暴龙大作战即将开始，各位玩家可以通过大都南的天上人间传送人（128，70）进入天上人间・麒麟，找到暴龙大作战发布人（70，59）参加精彩刺激的活动	1751	-1		-1	-1		-1	-1		-1	-1		-1	0	99	0|-1	0|-1	0|-1	0|-1	0|-1	0|-1	0|-1	0|-1	0|-1	0|-1	1	0	
223	游乐场-暴龙大作战	310320	0	2	1800	1801	1800	1801	0	0	-1	-1	-1	-1	4|1	-1	暴龙大作战开始了，大家可到暴龙大作战发布人（70，59）处准备领取任务！	1801	-1		-1	-1		-1	-1		-1	-1		-1	0	39	39|1	0|-1	0|-1	0|-1	0|-1	0|-1	0|-1	0|-1	0|-1	0|-1	1	0	39
224	游乐场-暴龙结束	-1	0	2	1810	1811	-1	-1	0	0	-1	-1	-1	-1	4|1	61	此轮暴龙大作战已经结束！	1811	-1		-1	-1		-1	-1		-1	-1		-1	0	39	39|1	0|-1	0|-1	0|-1	0|-1	0|-1	0|-1	0|-1	0|-1	0|-1	1	0	39
225	游乐场-暴龙开始	-1	0	2	1850	1851	-1	-1	0	0	-1	-1	-1	-1	4|1	61	暴龙大作战即将开始，各位玩家可以通过大都南的天上人间传送人（128，70）进入天上人间・麒麟，找到暴龙大作战发布人（70，59）参加精彩刺激的活动	1851	-1		-1	-1		-1	-1		-1	-1		-1	0	99	0|-1	0|-1	0|-1	0|-1	0|-1	0|-1	0|-1	0|-1	0|-1	0|-1	1	0	
226	游乐场-暴龙大作战	310320	0	2	1900	1901	1900	1901	0	0	-1	-1	-1	-1	4|1	-1	暴龙大作战开始了，大家可到暴龙大作战发布人（70，59）处准备领取任务！	1901	-1		-1	-1		-1	-1		-1	-1		-1	0	39	39|1	0|-1	0|-1	0|-1	0|-1	0|-1	0|-1	0|-1	0|-1	0|-1	1	0	39
227	游乐场-暴龙结束	-1	0	2	1910	1911	-1	-1	0	0	-1	-1	-1	-1	4|1	61	此轮暴龙大作战已经结束！	1911	-1		-1	-1		-1	-1		-1	-1		-1	0	39	39|1	0|-1	0|-1	0|-1	0|-1	0|-1	0|-1	0|-1	0|-1	0|-1	1	0	39
228	游乐场-暴龙开始	-1	0	2	1950	1951	-1	-1	0	0	-1	-1	-1	-1	4|1	61	暴龙大作战即将开始，各位玩家可以通过大都南的天上人间传送人（128，70）进入天上人间・麒麟，找到暴龙大作战发布人（70，59）参加精彩刺激的活动	1951	-1		-1	-1		-1	-1		-1	-1		-1	0	99	0|-1	0|-1	0|-1	0|-1	0|-1	0|-1	0|-1	0|-1	0|-1	0|-1	1	0	
229	游乐场-暴龙大作战	310320	0	2	2000	2001	2000	2001	0	0	-1	-1	-1	-1	4|1	-1	暴龙大作战开始了，大家可到暴龙大作战发布人（70，59）处准备领取任务！	2001	-1		-1	-1		-1	-1		-1	-1		-1	0	39	39|1	0|-1	0|-1	0|-1	0|-1	0|-1	0|-1	0|-1	0|-1	0|-1	1	0	39
230	游乐场-暴龙结束	-1	0	2	2010	2011	-1	-1	0	0	-1	-1	-1	-1	4|1	61	此轮暴龙大作战已经结束！	2011	-1		-1	-1		-1	-1		-1	-1		-1	0	39	39|1	0|-1	0|-1	0|-1	0|-1	0|-1	0|-1	0|-1	0|-1	0|-1	1	0	39
231	游乐场-暴龙开始	-1	0	2	2050	2051	-1	-1	0	0	-1	-1	-1	-1	4|1	61	暴龙大作战即将开始，各位玩家可以通过大都南的天上人间传送人（128，70）进入天上人间・麒麟，找到暴龙大作战发布人（70，59）参加精彩刺激的活动	2051	-1		-1	-1		-1	-1		-1	-1		-1	0	99	0|-1	0|-1	0|-1	0|-1	0|-1	0|-1	0|-1	0|-1	0|-1	0|-1	1	0	
232	游乐场-暴龙大作战	310320	0	2	2100	2101	2100	2101	0	0	-1	-1	-1	-1	4|1	-1	暴龙大作战开始了，大家可到暴龙大作战发布人（70，59）处准备领取任务！	2101	-1		-1	-1		-1	-1		-1	-1		-1	0	39	39|1	0|-1	0|-1	0|-1	0|-1	0|-1	0|-1	0|-1	0|-1	0|-1	1	0	39
233	游乐场-暴龙结束	-1	0	2	2110	2111	-1	-1	0	0	-1	-1	-1	-1	4|1	61	此轮暴龙大作战已经结束！	2111	-1		-1	-1		-1	-1		-1	-1		-1	0	39	39|1	0|-1	0|-1	0|-1	0|-1	0|-1	0|-1	0|-1	0|-1	0|-1	1	0	39
234	游乐场-暴龙开始	-1	0	2	2150	2151	-1	-1	0	0	-1	-1	-1	-1	4|1	61	暴龙大作战即将开始，各位玩家可以通过大都南的天上人间传送人（128，70）进入天上人间・麒麟，找到暴龙大作战发布人（70，59）参加精彩刺激的活动	2151	-1		-1	-1		-1	-1		-1	-1		-1	0	99	0|-1	0|-1	0|-1	0|-1	0|-1	0|-1	0|-1	0|-1	0|-1	0|-1	1	0	
235	游乐场-暴龙大作战	310320	0	2	2200	2201	2200	2201	0	0	-1	-1	-1	-1	4|1	-1	暴龙大作战开始了，大家可到暴龙大作战发布人（70，59）处准备领取任务！	2201	-1		-1	-1		-1	-1		-1	-1		-1	0	39	39|1	0|-1	0|-1	0|-1	0|-1	0|-1	0|-1	0|-1	0|-1	0|-1	1	0	39
236	游乐场-暴龙结束	-1	0	2	2210	2211	-1	-1	0	0	-1	-1	-1	-1	4|1	61	本周的暴龙大作战全部结束了，欢迎下次再来！	2211	-1		-1	-1		-1	-1		-1	-1		-1	0	39	39|1	0|-1	0|-1	0|-1	0|-1	0|-1	0|-1	0|-1	0|-1	0|-1	1	0	39
237	游乐场-疯狂的箱子	-1	0	2	1225	1226	-1	-1	0	0	-1	-1	-1	-1	4|1	61	疯狂的宝箱即将开始，各位玩家可以通过大都南的天上人间传送人（128，70）进入天上人间・麒麟，找到疯狂的宝箱发布人（128，118）参加精彩刺激的活动！	1226	-1		-1	-1		-1	-1		-1	-1		-1	0	99	0|-1	0|-1	0|-1	0|-1	0|-1	0|-1	0|-1	0|-1	0|-1	0|-1	1	0	
238	游乐场-疯狂的箱子	310324	0	2	1235	1236	1235	1236	0	0	-1	-1	-1	-1	4|1	61	疯狂的箱子出现在天上人间・麒麟中的摩天轮区、旋转木马区、暴龙区和梦幻城堡区！	1236	-1		-1	-1		-1	-1		-1	-1		-1	0	39	39|1	0|-1	0|-1	0|-1	0|-1	0|-1	0|-1	0|-1	0|-1	0|-1	1	0	39
239	游乐场-疯狂的箱子	310325	0	2	1250	1251	1250	1251	0	0	-1	-1	-1	-1	4|1	61	疯狂的箱子已经消失了	1251	-1		-1	-1		-1	-1		-1	-1		-1	0	39	39|1	0|-1	0|-1	0|-1	0|-1	0|-1	0|-1	0|-1	0|-1	0|-1	1	0	39
240	游乐场-疯狂的箱子	-1	0	2	1325	1326	-1	-1	0	0	-1	-1	-1	-1	4|1	61	疯狂的宝箱即将开始，各位玩家可以通过大都南的天上人间传送人（128，70）进入天上人间・麒麟，找到疯狂的宝箱发布人（128，118）参加精彩刺激的活动！	1326	-1		-1	-1		-1	-1		-1	-1		-1	0	99	0|-1	0|-1	0|-1	0|-1	0|-1	0|-1	0|-1	0|-1	0|-1	0|-1	1	0	
241	游乐场-疯狂的箱子	310324	0	2	1335	1336	1335	1336	0	0	-1	-1	-1	-1	4|1	61	疯狂的箱子出现在天上人间・麒麟中的摩天轮区、旋转木马区、暴龙区和梦幻城堡区！	1336	-1		-1	-1		-1	-1		-1	-1		-1	0	39	39|1	0|-1	0|-1	0|-1	0|-1	0|-1	0|-1	0|-1	0|-1	0|-1	1	0	39
242	游乐场-疯狂的箱子	310325	0	2	1350	1351	1350	1351	0	0	-1	-1	-1	-1	4|1	61	疯狂的箱子已经消失了	1351	-1		-1	-1		-1	-1		-1	-1		-1	0	39	39|1	0|-1	0|-1	0|-1	0|-1	0|-1	0|-1	0|-1	0|-1	0|-1	1	0	39
243	游乐场-疯狂的箱子	-1	0	2	1425	1426	-1	-1	0	0	-1	-1	-1	-1	4|1	61	疯狂的宝箱即将开始，各位玩家可以通过大都南的天上人间传送人（128，70）进入天上人间・麒麟，找到疯狂的宝箱发布人（128，118）参加精彩刺激的活动！	1426	-1		-1	-1		-1	-1		-1	-1		-1	0	99	0|-1	0|-1	0|-1	0|-1	0|-1	0|-1	0|-1	0|-1	0|-1	0|-1	1	0	
244	游乐场-疯狂的箱子	310324	0	2	1435	1436	1435	1436	0	0	-1	-1	-1	-1	4|1	61	疯狂的箱子出现在天上人间・麒麟中的摩天轮区、旋转木马区、暴龙区和梦幻城堡区！	1436	-1		-1	-1		-1	-1		-1	-1		-1	0	39	39|1	0|-1	0|-1	0|-1	0|-1	0|-1	0|-1	0|-1	0|-1	0|-1	1	0	39
245	游乐场-疯狂的箱子	310325	0	2	1450	1451	1450	1451	0	0	-1	-1	-1	-1	4|1	61	疯狂的箱子已经消失了	1451	-1		-1	-1		-1	-1		-1	-1		-1	0	39	39|1	0|-1	0|-1	0|-1	0|-1	0|-1	0|-1	0|-1	0|-1	0|-1	1	0	39
246	游乐场-疯狂的箱子	-1	0	2	1525	1526	-1	-1	0	0	-1	-1	-1	-1	4|1	61	疯狂的宝箱即将开始，各位玩家可以通过大都南的天上人间传送人（128，70）进入天上人间・麒麟，找到疯狂的宝箱发布人（128，118）参加精彩刺激的活动！	1526	-1		-1	-1		-1	-1		-1	-1		-1	0	99	0|-1	0|-1	0|-1	0|-1	0|-1	0|-1	0|-1	0|-1	0|-1	0|-1	1	0	
247	游乐场-疯狂的箱子	310324	0	2	1535	1536	1535	1536	0	0	-1	-1	-1	-1	4|1	61	疯狂的箱子出现在天上人间・麒麟中的摩天轮区、旋转木马区、暴龙区和梦幻城堡区！	1536	-1		-1	-1		-1	-1		-1	-1		-1	0	39	39|1	0|-1	0|-1	0|-1	0|-1	0|-1	0|-1	0|-1	0|-1	0|-1	1	0	39
248	游乐场-疯狂的箱子	310325	0	2	1550	1551	1550	1551	0	0	-1	-1	-1	-1	4|1	61	疯狂的箱子已经消失了	1551	-1		-1	-1		-1	-1		-1	-1		-1	0	39	39|1	0|-1	0|-1	0|-1	0|-1	0|-1	0|-1	0|-1	0|-1	0|-1	1	0	39
249	游乐场-疯狂的箱子	-1	0	2	1625	1626	-1	-1	0	0	-1	-1	-1	-1	4|1	61	疯狂的宝箱即将开始，各位玩家可以通过大都南的天上人间传送人（128，70）进入天上人间・麒麟，找到疯狂的宝箱发布人（128，118）参加精彩刺激的活动！	1626	-1		-1	-1		-1	-1		-1	-1		-1	0	99	0|-1	0|-1	0|-1	0|-1	0|-1	0|-1	0|-1	0|-1	0|-1	0|-1	1	0	
250	游乐场-疯狂的箱子	310324	0	2	1635	1636	1635	1636	0	0	-1	-1	-1	-1	4|1	61	疯狂的箱子出现在天上人间・麒麟中的摩天轮区、旋转木马区、暴龙区和梦幻城堡区！	1636	-1		-1	-1		-1	-1		-1	-1		-1	0	39	39|1	0|-1	0|-1	0|-1	0|-1	0|-1	0|-1	0|-1	0|-1	0|-1	1	0	39
251	游乐场-疯狂的箱子	310325	0	2	1650	1651	1650	1651	0	0	-1	-1	-1	-1	4|1	61	疯狂的箱子已经消失了	1651	-1		-1	-1		-1	-1		-1	-1		-1	0	39	39|1	0|-1	0|-1	0|-1	0|-1	0|-1	0|-1	0|-1	0|-1	0|-1	1	0	39
252	游乐场-疯狂的箱子	-1	0	2	1725	1726	-1	-1	0	0	-1	-1	-1	-1	4|1	61	疯狂的宝箱即将开始，各位玩家可以通过大都南的天上人间传送人（128，70）进入天上人间・麒麟，找到疯狂的宝箱发布人（128，118）参加精彩刺激的活动！	1726	-1		-1	-1		-1	-1		-1	-1		-1	0	99	0|-1	0|-1	0|-1	0|-1	0|-1	0|-1	0|-1	0|-1	0|-1	0|-1	1	0	
253	游乐场-疯狂的箱子	310324	0	2	1735	1736	1735	1736	0	0	-1	-1	-1	-1	4|1	61	疯狂的箱子出现在天上人间・麒麟中的摩天轮区、旋转木马区、暴龙区和梦幻城堡区！	1736	-1		-1	-1		-1	-1		-1	-1		-1	0	39	39|1	0|-1	0|-1	0|-1	0|-1	0|-1	0|-1	0|-1	0|-1	0|-1	1	0	39
254	游乐场-疯狂的箱子	310325	0	2	1750	1751	1750	1751	0	0	-1	-1	-1	-1	4|1	61	疯狂的箱子已经消失了	1751	-1		-1	-1		-1	-1		-1	-1		-1	0	39	39|1	0|-1	0|-1	0|-1	0|-1	0|-1	0|-1	0|-1	0|-1	0|-1	1	0	39
255	游乐场-疯狂的箱子	-1	0	2	1825	1826	-1	-1	0	0	-1	-1	-1	-1	4|1	61	疯狂的宝箱即将开始，各位玩家可以通过大都南的天上人间传送人（128，70）进入天上人间・麒麟，找到疯狂的宝箱发布人（128，118）参加精彩刺激的活动！	1826	-1		-1	-1		-1	-1		-1	-1		-1	0	99	0|-1	0|-1	0|-1	0|-1	0|-1	0|-1	0|-1	0|-1	0|-1	0|-1	1	0	
256	游乐场-疯狂的箱子	310324	0	2	1835	1836	1835	1836	0	0	-1	-1	-1	-1	4|1	61	疯狂的箱子出现在天上人间・麒麟中的摩天轮区、旋转木马区、暴龙区和梦幻城堡区！	1836	-1		-1	-1		-1	-1		-1	-1		-1	0	39	39|1	0|-1	0|-1	0|-1	0|-1	0|-1	0|-1	0|-1	0|-1	0|-1	1	0	39
257	游乐场-疯狂的箱子	310325	0	2	1850	1851	1850	1851	0	0	-1	-1	-1	-1	4|1	61	疯狂的箱子已经消失了	1851	-1		-1	-1		-1	-1		-1	-1		-1	0	39	39|1	0|-1	0|-1	0|-1	0|-1	0|-1	0|-1	0|-1	0|-1	0|-1	1	0	39
258	游乐场-疯狂的箱子	-1	0	2	1925	1926	-1	-1	0	0	-1	-1	-1	-1	4|1	61	疯狂的宝箱即将开始，各位玩家可以通过大都南的天上人间传送人（128，70）进入天上人间・麒麟，找到疯狂的宝箱发布人（128，118）参加精彩刺激的活动！	1926	-1		-1	-1		-1	-1		-1	-1		-1	0	99	0|-1	0|-1	0|-1	0|-1	0|-1	0|-1	0|-1	0|-1	0|-1	0|-1	1	0	
259	游乐场-疯狂的箱子	310324	0	2	1935	1936	1935	1936	0	0	-1	-1	-1	-1	4|1	61	疯狂的箱子出现在天上人间・麒麟中的摩天轮区、旋转木马区、暴龙区和梦幻城堡区！	1936	-1		-1	-1		-1	-1		-1	-1		-1	0	39	39|1	0|-1	0|-1	0|-1	0|-1	0|-1	0|-1	0|-1	0|-1	0|-1	1	0	39
260	游乐场-疯狂的箱子	310325	0	2	1950	1951	1950	1951	0	0	-1	-1	-1	-1	4|1	61	疯狂的箱子已经消失了	1951	-1		-1	-1		-1	-1		-1	-1		-1	0	39	39|1	0|-1	0|-1	0|-1	0|-1	0|-1	0|-1	0|-1	0|-1	0|-1	1	0	39
261	游乐场-疯狂的箱子	-1	0	2	2025	2026	-1	-1	0	0	-1	-1	-1	-1	4|1	61	疯狂的宝箱即将开始，各位玩家可以通过大都南的天上人间传送人（128，70）进入天上人间・麒麟，找到疯狂的宝箱发布人（128，118）参加精彩刺激的活动！	2026	-1		-1	-1		-1	-1		-1	-1		-1	0	99	0|-1	0|-1	0|-1	0|-1	0|-1	0|-1	0|-1	0|-1	0|-1	0|-1	1	0	
262	游乐场-疯狂的箱子	310324	0	2	2035	2036	2035	2036	0	0	-1	-1	-1	-1	4|1	61	疯狂的箱子出现在天上人间・麒麟中的摩天轮区、旋转木马区、暴龙区和梦幻城堡区！	2036	-1		-1	-1		-1	-1		-1	-1		-1	0	39	39|1	0|-1	0|-1	0|-1	0|-1	0|-1	0|-1	0|-1	0|-1	0|-1	1	0	39
263	游乐场-疯狂的箱子	310325	0	2	2050	2051	2050	2051	0	0	-1	-1	-1	-1	4|1	61	疯狂的箱子已经消失了	2051	-1		-1	-1		-1	-1		-1	-1		-1	0	39	39|1	0|-1	0|-1	0|-1	0|-1	0|-1	0|-1	0|-1	0|-1	0|-1	1	0	39
264	游乐场-疯狂的箱子	-1	0	2	2125	2126	-1	-1	0	0	-1	-1	-1	-1	4|1	61	疯狂的宝箱即将开始，各位玩家可以通过大都南的天上人间传送人（128，70）进入天上人间・麒麟，找到疯狂的宝箱发布人（128，118）参加精彩刺激的活动！	2126	-1		-1	-1		-1	-1		-1	-1		-1	0	99	0|-1	0|-1	0|-1	0|-1	0|-1	0|-1	0|-1	0|-1	0|-1	0|-1	1	0	
265	游乐场-疯狂的箱子	310324	0	2	2135	2136	2135	2136	0	0	-1	-1	-1	-1	4|1	61	疯狂的箱子出现在天上人间・麒麟中的摩天轮区、旋转木马区、暴龙区和梦幻城堡区！	2136	-1		-1	-1		-1	-1		-1	-1		-1	0	39	39|1	0|-1	0|-1	0|-1	0|-1	0|-1	0|-1	0|-1	0|-1	0|-1	1	0	39
266	游乐场-疯狂的箱子	310325	0	2	2150	2151	2150	2151	0	0	-1	-1	-1	-1	4|1	61	疯狂的箱子已经消失了	2151	-1		-1	-1		-1	-1		-1	-1		-1	0	39	39|1	0|-1	0|-1	0|-1	0|-1	0|-1	0|-1	0|-1	0|-1	0|-1	1	0	39
267	游乐场-疯狂的箱子	-1	0	2	2225	2226	-1	-1	0	0	-1	-1	-1	-1	4|1	61	疯狂的宝箱即将开始，各位玩家可以通过大都南的天上人间传送人（128，70）进入天上人间・麒麟，找到疯狂的宝箱发布人（128，118）参加精彩刺激的活动！	2226	-1		-1	-1		-1	-1		-1	-1		-1	0	99	0|-1	0|-1	0|-1	0|-1	0|-1	0|-1	0|-1	0|-1	0|-1	0|-1	1	0	
268	游乐场-疯狂的箱子	310324	0	2	2235	2236	2235	2236	0	0	-1	-1	-1	-1	4|1	61	疯狂的箱子出现在天上人间・麒麟中的摩天轮区、旋转木马区、暴龙区和梦幻城堡区！	2236	-1		-1	-1		-1	-1		-1	-1		-1	0	39	39|1	0|-1	0|-1	0|-1	0|-1	0|-1	0|-1	0|-1	0|-1	0|-1	1	0	39
269	游乐场-疯狂的箱子	310325	0	2	2250	2251	2250	2251	0	0	-1	-1	-1	-1	4|1	61	疯狂的箱子已经消失了	2251	-1		-1	-1		-1	-1		-1	-1		-1	0	39	39|1	0|-1	0|-1	0|-1	0|-1	0|-1	0|-1	0|-1	0|-1	0|-1	1	0	39
270	游乐场-彩票	310338	0	2	62359	0	62359	0	0	0	-1	-1	-1	-1	4|1	-1	-1	-1	-1		-1	-1		-1	-1		-1	-1		-1	0	99	39|1	0|-1	0|-1	0|-1	0|-1	0|-1	0|-1	0|-1	0|-1	0|-1	1	0	39
271	游乐场-彩票	310338	0	2	1030	1031	1030	1031	0	1	-1	-1	-1	-1	4|1	-1	-1	-1	-1		-1	-1		-1	-1		-1	-1		-1	0	99	39|1	0|-1	0|-1	0|-1	0|-1	0|-1	0|-1	0|-1	0|-1	0|-1	1	0	39
272	游乐场-彩票	310338	0	2	1230	1231	1230	1231	0	2	-1	-1	-1	-1	4|1	-1	-1	-1	-1		-1	-1		-1	-1		-1	-1		-1	0	99	39|1	0|-1	0|-1	0|-1	0|-1	0|-1	0|-1	0|-1	0|-1	0|-1	1	0	39
273	游乐场-彩票	310338	0	2	1430	1431	1430	1431	0	3	-1	-1	-1	-1	4|1	-1	-1	-1	-1		-1	-1		-1	-1		-1	-1		-1	0	99	39|1	0|-1	0|-1	0|-1	0|-1	0|-1	0|-1	0|-1	0|-1	0|-1	1	0	39
274	游乐场-彩票	310338	0	2	1630	1631	1630	1631	0	4	-1	-1	-1	-1	4|1	-1	-1	-1	-1		-1	-1		-1	-1		-1	-1		-1	0	99	39|1	0|-1	0|-1	0|-1	0|-1	0|-1	0|-1	0|-1	0|-1	0|-1	1	0	39
275	游乐场-彩票	310338	0	2	1830	1831	1830	1831	0	5	-1	-1	-1	-1	4|1	-1	-1	-1	-1		-1	-1		-1	-1		-1	-1		-1	0	99	39|1	0|-1	0|-1	0|-1	0|-1	0|-1	0|-1	0|-1	0|-1	0|-1	1	0	39
276	游乐场-彩票	310338	0	2	2030	2031	2030	2031	0	6	-1	-1	-1	-1	4|1	-1	-1	-1	-1		-1	-1		-1	-1		-1	-1		-1	0	99	39|1	0|-1	0|-1	0|-1	0|-1	0|-1	0|-1	0|-1	0|-1	0|-1	1	0	39
277	游乐场-彩票	310338	0	2	2230	2231	2230	2231	0	7	-1	-1	-1	-1	4|1	-1	-1	-1	-1		-1	-1		-1	-1		-1	-1		-1	0	99	39|1	0|-1	0|-1	0|-1	0|-1	0|-1	0|-1	0|-1	0|-1	0|-1	1	0	39
278	游乐场关闭	310342	0	2	2250	2251	2300	2301	0	0	-1	-1	-1	-1	4|1	61	天上人间・麒麟即将关闭，欢迎您下次再来。	2251	-1		-1	-1		-1	-1		-1	-1		-1	0	39	39|1	0|-1	0|-1	0|-1	0|-1	0|-1	0|-1	0|-1	0|-1	0|-1	1	0	39
279	游乐场全民狂欢	310341	0	2	900	901	900	901	0	0	-1	-1	-1	-1	4|1	61	魔女艾丽西丝的水晶球又丢失了，请各位游客帮忙找寻回来。	901	-1		-1	-1		-1	-1		-1	-1		-1	0	99	39|1	0|-1	0|-1	0|-1	0|-1	0|-1	0|-1	0|-1	0|-1	0|-1	1	0	39
280	游乐场全民狂欢	310341	0	2	2250	2251	2250	2251	0	1	-1	-1	-1	-1	4|1	61	魔女艾丽西丝的水晶球都被找回了，谢谢大家的努力。	2251	-1		-1	-1		-1	-1		-1	-1		-1	0	99	39|1	0|-1	0|-1	0|-1	0|-1	0|-1	0|-1	0|-1	0|-1	0|-1	1	0	39
281	大观园全民狂欢	310363	0	2	60900	60901	60900	62250	0	0	-1	-1	-1	-1	4|1	61	福神出现在天上人间・梦聊，等待有缘人	6901	-1		-1	-1		-1	-1		-1	-1		-1	0	99	40|1	0|-1	0|-1	0|-1	0|-1	0|-1	0|-1	0|-1	0|-1	0|-1	1	0	
282	大观园全民狂欢	310363	0	2	62250	62251	62250	62251	0	0	-1	-1	-1	-1	4|1	61	福神出已经离开天上人间・梦聊	62251	-1		-1	-1		-1	-1		-1	-1		-1	0	99	40|1	0|-1	0|-1	0|-1	0|-1	0|-1	0|-1	0|-1	0|-1	0|-1	1	0	
283	大观园全民狂欢	310363	0	2	900	901	900	2250	0	0	-1	-1	-1	-1	4|1	61	福神出现在天上人间・梦聊，等待有缘人	901	-1		-1	-1		-1	-1		-1	-1		-1	0	99	40|1	0|-1	0|-1	0|-1	0|-1	0|-1	0|-1	0|-1	0|-1	0|-1	1	0	
284	大观园全民狂欢	310363	0	2	2250	2251	2250	2251	0	0	-1	-1	-1	-1	4|1	61	福神出已经离开天上人间・梦聊	2251	-1		-1	-1		-1	-1		-1	-1		-1	0	99	40|1	0|-1	0|-1	0|-1	0|-1	0|-1	0|-1	0|-1	0|-1	0|-1	1	0	
285	大观园彩票	310362	1	1	1030	1031	1030	1031	1	0	-1	-1	-1	-1	4|1	-1	-1	-1	-1		-1	-1		-1	-1		-1	-1		-1	0	99	40|1	0|-1	0|-1	0|-1	0|-1	0|-1	0|-1	0|-1	0|-1	0|-1	1	0	40
286	大观园挖宝排名	-1	0	2	1730	1731	-1	-1	0	0	-1	-1	-1	-1	4|1	61	挖宝大作战今日排名已出，各位玩家可以到天上人间・梦聊挖宝大作战发布人（129，69）查询名次领取对应奖励！	1731	-1		-1	-1		-1	-1		-1	-1		-1	0	40	40|1	0|-1	0|-1	0|-1	0|-1	0|-1	0|-1	0|-1	0|-1	0|-1	1	0	40
287	大观园挖宝排名	-1	0	2	61730	61731	-1	-1	0	0	-1	-1	-1	-1	4|1	61	挖宝大作战今日排名已出，各位玩家可以到天上人间・梦聊挖宝大作战发布人（129，69）查询名次领取对应奖励！	61731	-1		-1	-1		-1	-1		-1	-1		-1	0	40	40|1	0|-1	0|-1	0|-1	0|-1	0|-1	0|-1	0|-1	0|-1	0|-1	1	0	40
288	大观园关闭	310372	0	2	2250	2251	2300	2301	0	0	-1	-1	-1	-1	4|1	61	天上人间・梦聊即将关闭，欢迎您下次再来。	2251	-1		-1	-1		-1	-1		-1	-1		-1	0	40	40|1	0|-1	0|-1	0|-1	0|-1	0|-1	0|-1	0|-1	0|-1	0|-1	1	0	40
289	大观园关闭	310372	0	2	62250	62251	62300	62301	0	0	-1	-1	-1	-1	4|1	61	天上人间・梦聊即将关闭，欢迎您下次再来。	62251	-1		-1	-1		-1	-1		-1	-1		-1	0	40	40|1	0|-1	0|-1	0|-1	0|-1	0|-1	0|-1	0|-1	0|-1	0|-1	1	0	40
290	大观园天降魔君	310365	1	1	0	1	0	1	0	0	-1	-1	-1	-1	4|1	-1	-1	-1	-1		-1	-1		-1	-1		-1	-1		-1	0	40	40|1	0|-1	0|-1	0|-1	0|-1	0|-1	0|-1	0|-1	0|-1	0|-1	1	0	40
291	国王争夺战	300970	1	1	1000	1001	1000	1001	0	0	-1	-1	-1	-1	4|1	-1	-1	-1	-1		-1	-1		-1	-1		-1	-1		-1	0	99	50|1	0|-1	0|-1	0|-1	0|-1	0|-1	0|-1	0|-1	0|-1	0|-1	1	0	
292	国王争夺战	300970	1	1	1100	1101	1100	1101	0	1	-1	-1	-1	-1	4|1	-1	-1	-1	-1		-1	-1		-1	-1		-1	-1		-1	0	99	50|1	0|-1	0|-1	0|-1	0|-1	0|-1	0|-1	0|-1	0|-1	0|-1	1	0	
293	国王争夺战	300970	1	1	1200	1201	1200	1201	0	2	-1	-1	-1	-1	4|1	-1	-1	-1	-1		-1	-1		-1	-1		-1	-1		-1	0	99	50|1	0|-1	0|-1	0|-1	0|-1	0|-1	0|-1	0|-1	0|-1	0|-1	1	0	
294	国王争夺战	300970	1	1	1300	1301	1300	1301	0	3	-1	-1	-1	-1	4|1	-1	-1	-1	-1		-1	-1		-1	-1		-1	-1		-1	0	99	50|1	0|-1	0|-1	0|-1	0|-1	0|-1	0|-1	0|-1	0|-1	0|-1	1	0	
295	国王争夺战	300970	1	1	1400	1401	1400	1401	0	4	-1	-1	-1	-1	4|1	-1	-1	-1	-1		-1	-1		-1	-1		-1	-1		-1	0	99	50|1	0|-1	0|-1	0|-1	0|-1	0|-1	0|-1	0|-1	0|-1	0|-1	1	0	
296	国王争夺战	300970	1	1	1500	1501	1500	1501	0	5	-1	-1	-1	-1	4|1	-1	-1	-1	-1		-1	-1		-1	-1		-1	-1		-1	0	99	50|1	0|-1	0|-1	0|-1	0|-1	0|-1	0|-1	0|-1	0|-1	0|-1	1	0	
297	国王争夺战	300970	1	1	1600	1601	1600	1601	0	6	-1	-1	-1	-1	4|1	-1	-1	-1	-1		-1	-1		-1	-1		-1	-1		-1	0	99	50|1	0|-1	0|-1	0|-1	0|-1	0|-1	0|-1	0|-1	0|-1	0|-1	1	0	
298	国王争夺战	300970	1	1	1700	1701	1700	1701	0	7	-1	-1	-1	-1	4|1	-1	-1	-1	-1		-1	-1		-1	-1		-1	-1		-1	0	99	50|1	0|-1	0|-1	0|-1	0|-1	0|-1	0|-1	0|-1	0|-1	0|-1	1	0	
299	国王争夺战	300970	1	1	1900	1901	1900	1901	0	8	-1	-1	-1	-1	4|1	-1	-1	-1	-1		-1	-1		-1	-1		-1	-1		-1	0	99	50|1	0|-1	0|-1	0|-1	0|-1	0|-1	0|-1	0|-1	0|-1	0|-1	1	0	
300	国王争夺战	300970	1	1	2000	2001	2000	2001	0	9	-1	-1	-1	-1	4|1	-1	-1	-1	-1		-1	-1		-1	-1		-1	-1		-1	0	99	50|1	0|-1	0|-1	0|-1	0|-1	0|-1	0|-1	0|-1	0|-1	0|-1	1	0	
