INT	INT	INT	STRING	INT	INT	INT	INT	STRING	INT	STRING	STRING
Index	"类型:0,非定点;1,定点"	物品ID	要使用物品的地图ID	PosX	PosZ	响应半径R	使用物品后响应的技能	使用完物品后的提示	使用完物品是否有对白	使用完物品的对白	在错误地点使用的提示信息
#	楼兰边境	60000	60199								
60000	1	12030010	-1	376	401	10	-1	你使用了本物品！	1	完成任务！	
60001	1	13020206	51|151|251|351	60	292	10	-1	你灌满了圣水瓶！	0		
60002	1	13020212	51|151|251|351	218	318	10	-1	你摧毁了灵魂水晶！	0		
60003	1	13020225	51|151|251|351	210	40	10	-1	使用了宝珠，周围的雾气渐渐散去！	0		
#	莱茵边境	60200	60399								
#	昆仑边境	60400	60599								
#	敦煌边境	60600	60799								
#	楼兰王城	60800	60999								
60800	1	13030086	50|150|250|350	68	98	4	-1	你撒下渔网	0		
60801	1	13030093	50|150|250|350	79	232	2	-1	你缓缓打开通天古卷	0		通天古卷必须在通天水晶旁使用。
60802	1	13030113	50|150|250|350	25	95	2	-1	一股水波突然包裹住你！	0		看来这里不适合使用。
#	大都	61600	61799								
61600	1	13020301	17	220	45	10	-1	你灌满了水瓶	0		
61601	1	13020306	17	161	68	10	-1	你点燃了烟花	0		
61602	1	13020318	0	138	405	10	-1	灌满了水碗	0		
61700	1	13011707	0	414	364	10	-1	肥皂泡飞上了天！	0		
61701	1	13011706	0	461	304	10	-1	鞭炮声响彻天涯！	0		
61702	1	13011700	0	423	402	10	-1	风筝在高空翱翔！	0		
61703	1	13011708	0	422	413	10	-1	纸船顺着河流向远方！	0		
#	威海港	61800	61999								
61800	1	13040030	0	86	183	10	-1	耳边只有呼啸风声	1	转眼间你以身处泰山山麓	
#	大元皇宫										
#	明教总舵										
#	武林总坛										
#	罕难河草原	62000	62049								
#	乞颜部大营	62050	62099								
62050	1	13020002	53|153|253|353	25	159	10	-1	灌满了水囊	0		
#	塔塔尔部	62100	62149								
62100	1	13030052	55|155|255|355	142	41	5	-1	你把泻药倒入了水源，白色的粉末迅速融化在水中。	1	你把泻药倒入了水源，白色的粉末迅速融化在水中。	
62101	1	13030053	55|155|255|355	71	101	10	-1	你点燃了火雷弹。	1	一声巨响之后，塔塔尔营门化成一片火海。	
62102	1	12100013	55|155|255|355	109	96	10	-1	你将炮弹塞入炮膛，点着了引线。	1		
#	克烈部大营	62150	62199								
62150	1	13030055	54|154|254|354	77	220	5	-1	你引发了苍狼杖内的力量。	1	耀眼的光芒刺痛了你的眼睛，难以相信一根小小的杖内蕴含了如此的力量。	
#	乃蛮部草原	62200	62249								
62200	1	13040009	56|156|256|356	44	160	10	-1	你点燃炮仗，一声尖啸，空中腾起火焰！	1	很快你看到远处有回应，快回去找木华黎看看新情况吧！	
#	金国乌沙堡	62250	62299								
62250	1	13040007	57|157|257|357	75	226	10	-1	你向湖中投入了毒药。	1	湖水变浑，然后又迅速变清，看来毒药已经起效了。	
62251	1	13040008	57|157|257|357	98	147	10	-1	一声尖啸，穿云箭在空中炸开了花！	1	穿云箭在空中炸开，显示出蒙古的标志。	
#	剧情太行山	62300	62349								
62300	1	13040013	502	216	62	10	-1	你放出了母马，着急哺乳的母马的嘶鸣声，响彻山谷。	1	随着母马的嘶鸣，一群公马飞奔而来，贪婪的望着母马。	
62301	1	13040010	502	39	44	10	-1	你点燃了金军的帐篷！	1	随着火焰的燃烧，金军营中人声逐渐嘈杂起来，不少金兵慌慌张张的跑来。	
62302	1	13040014	502	44	105	10	-1	你把宣传皮锻散发在金国营帐四周，大风吹来，皮锻四散而去！	1	金兵看到一张张宣传皮锻，拾起后纷纷交头接耳。	
#	金国凤翔府	62350	62399								
#	金国蔡州城	62400	62449								
#	西夏中兴府	62450	62499								
62450	1	13030070	501	184	206	5	-1	你悄悄的打开纸包，将香糜放在地上。	1	周围传来悉悉索索的声音，有东西从地下钻了出来。	
#	西夏贺兰山	62500	62549								
62500	1	13040025	61|161|261|361	170	132	10	-1	你点燃了火箭！	1	七彩的火光照耀着大地，你似乎预料到这次贺兰山之行会很顺利。	
62501	1	13040026	61|161|261|361	96	116	10	-1	你把食物撒放在四周！	1	周围响起一阵悉悉索索的声音，看来是那群西夏兵闻到食物的香味聚集过来了。	
#	西辽王城	62550	62599								
62550	1	13020412	509	140	162	10	-1	有愿随成吉思汗东归蒙古草原者大汗绝不抛下！	0		
62551	1	13020415	509	190	158	10	-1	你敲响了鼓！	0		
#	西辽碎叶城	62600	62649								
#	突厥红沙漠	62650	62699								
62650	1	13060015	508	156	115	10	-1	一望无际的沙漠中突然出现了一个白点向这里奔来，是它，沙漠之王！	1	一望无际的沙漠中突然出现了一个白点向这里奔来，是它，沙漠之王！	
62651	1	13060008	508	195	45	10	-1	你将罐子放入清澈的水中，却发现灌进罐子里的都是沙子，根本没有水！	1	你将罐子放入清澈的水中，却发现灌进罐子里的都是沙子，根本没有水！	
62652	1	13060009	508	55	183	10	-1	绿色药剂投入湖中，湖水泛起了一阵绿色后又变得清澈见底	1	绿色药剂投入湖中，湖水泛起了一阵绿色后又变得清澈见底	
62653	1	13060010	508	80	188	10	-1	你将水囊中装满了清澈的湖水	1	你将水囊中装满了清澈的湖水	
62654	1	13060014	508	43	27	10	-1	一声巨响，突厥大营陷入一片火海之中	1	一声巨响，突厥大营陷入一片火海之中	
#	突厥王城	62700	62749								
62700	1	13060022	510	210	94	10	-1	一阵眩光闪过，出现了一只怪异的妖兽	1	一阵眩光闪过，出现了一只怪异的妖兽	
62701	1	13060023	510	77	119	10	-1	你将大瓮装满了水	1	你将大瓮装满了水	
62702	1	13060025	510	86	155	10	-1	湿润的沙土一阵颤动，窜出了一批手持利刃的突厥武士	1	湿润的沙土一阵颤动，窜出了一批手持利刃的突厥武士	
62703	1	13060026	510	182	123	10	-1	随着一声轰鸣，狭窄的山路被巨石堵住	1	随着一声轰鸣，狭窄的山路被巨石堵住	
62704	1	13060027	510	132	81	10	-1	你点燃了手中的鞭炮，骆驼群受到惊吓四处乱窜	1	你点燃了手中的鞭炮，骆驼群受到惊吓四处乱窜	
62705	1	13060028	510	37	206	10	-1	随着一声巨响，河道被倒塌的建筑阻塞	1	随着一声巨响，河道被倒塌的建筑阻塞	
#	波斯高原	62750	62799								
62750	1	13060031	511	82	212	10	-1	一声尖啸，穿云箭在空中绽开了美丽的光彩！	1	一声尖啸，穿云箭在空中绽开了美丽的光彩！	
62751	1	13060032	511	117	219	10	-1	一阵清脆的金属共鸣之声过后，一个高大的形象出现在你的面前	1	一阵清脆的金属共鸣之声过后，一个高大的形象出现在你的面前	
62752	1	13060033	511	208	216	10	-1	穿云箭在空中炸开，突然一个声音大喝一声“札兰丁，你的末日到了！”	1	穿云箭在空中炸开，突然一个声音大喝一声“札兰丁，你的末日到了！”	
#	莫斯科公国	62800	62849								
62800	1	13060036	512	95	49	10	-1	木栏在熊熊的烈焰中燃烧殆尽	1	木栏在熊熊的烈焰中燃烧殆尽	
62801	1	13060037	512	58	212	10	-1	你将绿色的液体倒进了清澈的湖中	1	湖面上仿佛突然升起了一阵烟雾，马上又恢复了	
62802	1	13060040	512	206	198	10	-1	一声巨响，火炮在熊熊的烈焰中燃烧殆尽	1	一声巨响，火炮在熊熊的烈焰中燃烧殆尽	
#	基辅公国	62850	62899								
62850	1	13030053	513	233	93	10	-1	你点燃了火雷弹。	1	一声巨响之后，敌人的火炮被火舌淹没
#	波兰王国	62900	62949								
#	匈牙利王国	62950	62999								
#	日本福冈	63000	63049								
#	苏门答腊	63050	63099								
#	PVP	64000	64049								
#	PVE	65000	65999								
65000	1	13013300	2			10	-1	你使用了始耀结晶！	1	始耀的力量被引出，在本场景内杀怪就有可能获得理耀结晶！	
65001	1	13013301	3			10	-1	你使用了理耀结晶！	1	理耀的力量被引出，在本场景内杀怪就有可能获得命耀结晶！	
65002	1	13013302	4			10	-1	你使用了命耀结晶！	1	命耀的力量被引出，在本场景内杀怪就有可能获得化耀结晶！	
65003	1	13013303	5			10	-1	你使用了化耀结晶！	1	化耀的力量被引出，在本场景内杀怪就有可能获得灭耀结晶！	
65004	1	13013304	6	101	76	10	-1	你使用了灭耀结晶！	1	灭耀的力量被引出，瘴气一晃消灭了！	
#	PVE马场和迷宫	（66000--67000）									
#		PVE马场（66000-66100）									
66000	1	13060003	88|188|288|388	75	220	10	-1	你将蓝色的粉末倒进了湖里。	1	绿色粉末迅速地在湖水中溶解……	请在正确的位置使用该物品
66001	1	13060004	88|188|288|388	98	118	10	-1	穿云箭伴随着一声长鸣在空中炸开	1	天空中立刻出现了一团美丽的烟火，衬托得淡红色的天空格外美丽。	请在正确的位置使用该物品
		PVE迷宫（66101-66200）									
66101	1	13810045	20	175	175	10	-1	   	1	   	这里并不适合焚香祷告。
#	好友任务										
66201	1	13013600	50|150|250|350	374	290	10	-1	象征友谊的烟花绽放在天空中	1	天空中立刻出现了一团美丽的烟火，衬托得淡红色的天空格外美丽。	请在正确的位置使用该物品
66202	1	13013600	50|150|250|350	472	136	10	-1	象征友谊的烟花绽放在天空中	1	天空中立刻出现了一团美丽的烟火，衬托得淡红色的天空格外美丽。	请在正确的位置使用该物品
66203	1	13013600	50|150|250|350	117	258	10	-1	象征友谊的烟花绽放在天空中	1	天空中立刻出现了一团美丽的烟火，衬托得淡红色的天空格外美丽。	请在正确的位置使用该物品
66204	1	13013600	50|150|250|350	319	297	10	-1	象征友谊的烟花绽放在天空中	1	天空中立刻出现了一团美丽的烟火，衬托得淡红色的天空格外美丽。	请在正确的位置使用该物品
66205	1	13013600	50|150|250|350	137	41	10	-1	象征友谊的烟花绽放在天空中	1	天空中立刻出现了一团美丽的烟火，衬托得淡红色的天空格外美丽。	请在正确的位置使用该物品
66206	1	13013600	50|150|250|350	370	382	10	-1	象征友谊的烟花绽放在天空中	1	天空中立刻出现了一团美丽的烟火，衬托得淡红色的天空格外美丽。	请在正确的位置使用该物品
#	师徒任务										
66207	1	12030029	50|150|250|350	455	195	10	-1	黑甲头目出现	1	请在10分钟内击杀	请在正确的位置使用该物品
66208	1	12030029	50|150|250|350	107	405	10	-1	黑甲头目出现	1	请在10分钟内击杀	请在正确的位置使用该物品
66209	1	12030029	50|150|250|350	79	35	10	-1	黑甲头目出现	1	请在10分钟内击杀	请在正确的位置使用该物品
#	成2葱岭古道	67000	67999								
67000	1	13810200	89	64	172	10	-1	水囊已经盛满了甘甜清冽的水。	0		只有到水边才能盛水。
#	成2葱岭草场	68000	68050								
68000	1	13810252	89	78	132	10	-1	水囊已经盛满了甘甜清冽的水。	0		只有到水边才能盛水。
#	成2青海草场	68051	68099								
68051	1	13810256	289	239	203	10	-1	祭祀山丘上空绽放出朵朵美丽的烟火。	0		只有到山丘上才能进行祭祀仪式。
68052	1	13810252	289	71	176	10	-1	水囊已经盛满了甘甜清冽的水。	0		只有到水边才能盛水。
#	成2青海古道	68100	68149								
68100	1	13810257	286	54	173	10	-1	炸弹爆炸，发出惊雷般的巨响，女真营地内一片混乱。	0		太远了，女真人根部听不到啊。
#	成2秦岭	68150	68199								
68110	1	13810410	7	232	237	10	-1	堪舆罗盘显示出强烈的信号，金山大玉海肯定就在附近！	0		堪舆罗盘似乎感觉不到任何金山大玉海的信息。
